output from pool layer ..........................
0.0429688 0.0429688 0.0429688 0.0429688 0.0429688 0.0429688 0.0429688 0.0429688 0.0429688 0.0429688 0.0429688 0.0429688 0.0429688 0.0429688 
0.0429688 0.0429688 0.0429688 0.0429688 0 0 0 0 5.73047 6.60547 0.0429688 0.0429688 0.0429688 0.0429688 
0.0429688 0.0429688 0.0429688 0 0 0 0 0 137.023 113.047 0.0429688 0.0429688 0.0429688 0.0429688 
0.0429688 0.0429688 0.0429688 0 581.758 845.324 581.023 160.227 505.285 248.781 0.0429688 0.0429688 0.0429688 0.0429688 
0.0429688 0.0429688 0.0429688 200.969 633.871 734.32 350.418 137.188 616.625 253.051 0.0429688 0.0429688 0.0429688 0.0429688 
0.0429688 0.0429688 0.0429688 0.0429688 0.0429688 0.0429688 0 140.762 616.625 253.051 0.0429688 0.0429688 0.0429688 0.0429688 
0.0429688 0.0429688 0.0429688 0.0429688 0.0429688 0 0 278.453 643.844 253.051 0.0429688 0.0429688 0.0429688 0.0429688 
0.0429688 0.0429688 0.0429688 0 0 0 0 384.113 639.625 195.238 6.60547 0.0429688 0.0429688 0.0429688 
0.0429688 0.0429688 0.0429688 0 220.457 589.941 502.309 268.883 266.652 0 9.89453 5.29297 0.0429688 0.0429688 
0.0429688 0.0429688 0.0429688 33.1484 456.836 601.777 473.188 393.891 115.605 35.8633 121.742 104.234 0.0429688 0.0429688 
0.0429688 0.0429688 0.0429688 0.0429688 0.0429688 0.0429688 131.355 107.328 0 313.645 507.973 242.813 0.0429688 0.0429688 
0.0429688 0.0429688 0.0429688 0 0 0 0 0 166.754 919.836 883.266 215.855 0.0429688 0.0429688 
0.0429688 0.0429688 0.0429688 0 0 544.723 653.746 782.508 884.988 922.32 695.426 53.7578 0.0429688 0.0429688 
0.0429688 0.0429688 0.0429688 200.969 633.871 849.043 801.891 734.32 740.773 351.48 6.9375 0.0429688 0.0429688 0.0429688 

0 0 0 0 0 0 0 0 0 0 0 0 0 0 
0 0 21.5273 222.852 452.219 373.086 186.75 10.9609 0 0 0 0 0 0 
0 0 191.73 699.57 704.063 357.809 195.063 0 0 0 0 0 0 0 
0 0 258.477 653.715 467.422 0 425.566 335.688 0 0 0 0 0 0 
0 0 204.66 270.34 0 0 938.855 677.488 0 0 0 0 0 0 
0 0 0 0 0 28.7461 1000.79 679.207 0 0 0 0 0 0 
0 0 0 96.1953 269.438 462.93 987.547 565.93 0 0 0 0 0 0 
0 0 0 533.555 650.914 475.824 676.078 157.941 0 0 0 0 0 0 
0 0 0 586.879 613.777 232.23 77.7148 0 0 0 0 0 0 0 
0 0 0 270.34 112.238 0 17.918 302.586 267.883 0 0 0 0 0 
0 0 0 21.5273 185.727 232.313 316.895 727.27 584.688 0 0 0 0 0 
0 0 104.07 520.988 588.621 373.086 369.98 574.641 443.656 0 0 0 0 0 
0 0 236.711 699.57 704.063 189.078 57.1992 0 0 0 0 0 0 0 
0 0 258.477 503.297 106.328 0 0 0 0 0 0 0 0 0 

0 0 0 0 0 0 0 0 0 0 0 0 0 0 
0 0 0 0 95.1953 200.594 182.848 41.6563 0 0 0 0 0 0 
0 0 130.844 391.418 461.957 549.25 517.645 402.836 94.0625 0 0 0 0 0 
0 0 154.957 283.527 267.91 59.5508 89.2695 292.105 142.34 0 0 0 0 0 
0 0 0 0 0 25.6875 4.00781 203.992 160.355 0 0 0 0 0 
0 0 0 0 0 0 17.9141 205.18 160.355 0 0 0 0 0 
0 0 0 0 0 144.836 114.887 191.82 160.355 0 0 0 0 0 
0 0 0 296.086 532.348 425.758 261.379 97.75 125.449 0 0 0 0 0 
0 0 0 260.887 362.66 283.051 155.609 379.594 431.945 49.4102 0 0 0 0 
0 0 0 0 0 0 0 139.547 396.27 399.945 63.625 0 0 0 
0 0 0 0 0 0 11.8906 0 134.363 351.012 136.309 0 0 0 
0 0 9.08984 170.645 461.957 549.25 505.582 402.586 173.336 165.344 176.254 0 0 0 
0 0 154.957 391.418 434.559 353.422 318.344 134.113 0 0 8.31641 0 0 0 
0 0 0 0 0 0 0 0 29.1875 8.78516 0 0 0 0 

0 0 0 0 0 0 0 0 0 0 0 0 0 0 
0 0 10.3906 77.207 125.906 317.324 363.332 220.863 26.5195 0 0 0 0 0 
0 0 166.879 556.395 880.465 788.887 822.852 658.285 189.664 10.7305 0 0 0 0 
0 0 195.055 611.234 767.527 661.438 684.27 612.023 229.031 0 0 0 0 0 
0 0 5.85547 40.4492 52.5547 43.25 524.516 637.926 237.055 0 0 0 0 0 
0 0 0 0 0 13.8594 508.988 602.621 237.055 0 0 0 0 0 
0 0 0 39.5273 40.3633 151.801 655.117 757.77 264.68 0 0 0 0 0 
0 0 0 334.492 722.648 878.035 818.078 718.27 237.172 0 0 0 0 0 
0 0 0 461.805 799.813 800.129 841.602 830.344 704.895 231.352 1.55078 0 0 0 
0 0 0 32.9961 52.5547 59.0469 302.555 614.512 750.07 617.059 172.602 17.8555 0 0 
0 0 0 10.3906 40.3633 0 47.3945 373.98 754.973 834.629 253.844 0 0 0 
0 0 69.0586 207.617 587.426 788.887 829.664 832.094 821.859 713.348 301.906 0 0 0 
0 0 195.055 611.234 880.465 787.703 781.18 717.965 583.859 83.8359 17.3828 0 0 0 
0 0 122.121 313.523 415.676 176.078 0 32.3164 44.4688 22.0391 0 0 0 0 

0.171875 0.171875 0.171875 0.171875 0.171875 0.171875 0.171875 0.171875 0.171875 0.171875 0.171875 0.171875 0.171875 0.171875 
0.171875 0.171875 9.45313 169.008 689.168 1046.64 1142.57 1053.2 627.898 72.3594 0.171875 0.171875 0.171875 0.171875 
0.171875 0.171875 29.4805 470.461 1062.75 1122.87 1033.26 991.805 771.617 264.246 0.171875 0.171875 0.171875 0.171875 
0.171875 0.171875 30.4805 127.332 0 0 0 113.211 316.867 199.723 0.171875 0.171875 0.171875 0.171875 
0.171875 0.171875 0.171875 0 0 0 99.2031 146.273 105.363 96.4883 0.171875 0.171875 0.171875 0.171875 
0.171875 0.171875 0.171875 0.171875 0.171875 12.5469 201.523 233.961 102.77 94.8008 0.171875 0.171875 0.171875 0.171875 
0.171875 0.171875 0.171875 56.1992 351.176 817.504 942.504 715.98 102.77 94.8008 0.171875 0.171875 0.171875 0.171875 
0.171875 0.171875 0.171875 222.191 756.633 1187.74 1098.97 591.805 368.031 450.984 72.3594 0.171875 0.171875 0.171875 
0.171875 0.171875 0.171875 127.332 134.406 0 0 178.719 578.18 746.492 590.086 57.9219 0.171875 0.171875 
0.171875 0.171875 0.171875 0 0 0 0 0 35.3281 703.23 712.648 268.934 0.171875 0.171875 
0.171875 0.171875 0.171875 9.45313 168.445 549.266 723.281 789.363 776.012 380.133 332.414 208.535 0.171875 0.171875 
0.171875 0.171875 29.4805 434.266 1062.75 1122.87 1190.68 1170.15 853.996 216.363 0 0.171875 0.171875 0.171875 
0.171875 0.171875 30.4805 470.461 922.125 805.012 242.289 0 0 0 0 0.171875 0.171875 0.171875 
0.171875 0.171875 20.5039 0 0 0 0 0 0 0.171875 0.171875 0.171875 0.171875 0.171875 

0 0 0 0 0 0 0 0 0 0 0 0 0 0 
0 0 30.3086 194.523 377.941 398.465 415.664 169.398 47.2539 13.7148 0 0 0 0 
0 0 189.539 526.742 655.055 769.395 1009.83 908.109 228.453 140.172 0 0 0 0 
0 0 80.7773 479.359 802.434 804.449 1098.63 993.887 312.914 201.148 0 0 0 0 
0 0 10.4336 271.766 371.523 364.504 774.109 867.25 357.25 156.047 0 0 0 0 
0 0 0 0 0 40.5273 739.75 867.25 357.25 154.047 0 0 0 0 
0 0 0 111.477 179.32 404.887 721.75 869.445 368.625 154.047 0 0 0 0 
0 0 0 438.387 543.336 793.602 1080.21 1126.22 499.422 113.328 13.7148 0 0 0 
0 0 0 296.777 568.094 988.906 1149.89 1107.04 893.602 331.281 93.8203 10.9023 0 0 
0 0 0 109.23 343.129 368.266 500.305 973.152 1008.56 822.121 193.234 131.359 0 0 
0 0 0 30.3086 152.617 137.414 310.645 553.258 926.289 931.125 316.602 198.711 0 0 
0 0 136.508 401.168 518.598 670.789 725.246 752.445 897.168 861.516 392.273 98.1328 0 0 
0 0 189.539 526.742 802.434 804.449 871.477 880.531 720.488 583.809 217.527 0 0 0 
0 0 0 366.863 634.016 592.023 474.031 377.234 273.367 7.98047 0 0 0 0 

output from pool layer ..........................
1423.39 803.855 0 0 0 
1033.44 486.621 195.512 0 0 
0 0 0 0 132.48 
1293.68 1572.83 739.434 0 0 
0 0 0 0 0 

0 0 0 0 0 
459.988 394.941 453.453 0 339.992 
0 649.082 963.996 362.371 843.117 
124.008 249.641 35.207 157.137 431.547 
389.523 1235.78 1770.53 1341.59 0 

0 0 1677.83 404.203 0 
0 0 2115.62 652.488 0 
0 0 1681.91 1109.92 510.672 
0 0 411.164 975.559 326.938 
0 0 0 1112.01 0 

118.012 362.387 1471.98 962.629 0 
89.9297 0 1021.71 1255.89 129.516 
410.117 676.047 519.895 476.191 879.266 
0 0 1206.63 2085.45 919.117 
279.867 78.7852 0 1404.29 1238.02 

0 0 0 0 0 
756.207 1373.64 1238.47 388.859 643.02 
0 0 1233.67 945.086 1360.43 
411.84 1068.77 1407.88 0 213.781 
462.422 691.5 0 0 0 

0 338.758 378.121 354.871 176.559 
731.617 402.234 0 0 167.484 
0 0 1522.83 1155.34 265.445 
163.527 528.871 403.027 0 975.414 
0 0 0 1487.89 1165.04 

0 0 0 537.422 399.18 
693.422 868.078 0 0 16.4766 
332.02 353.543 27.7148 0 154.125 
79.4297 0 0 0 479.406 
250.336 459.434 339.988 0 0 

268.008 0 22.6445 0 30.4844 
366.711 0 24.5195 0 0.886719 
0 78.3984 1530.91 579.5 0 
0 58.1133 323.828 273.98 0 
100.84 167.801 0 135.117 0 

326.176 1504.08 0 0 0 
256.453 1120.49 0 0 0 
245.285 0 0 0 0 
382.41 920.246 86.0664 0 0 
2.80469 0 0 0 158.883 

1244.74 1175.89 766.063 919.262 197.77 
0 0 0 429.32 174.906 
1160.26 1107.1 70.7461 0 0 
354.375 241.051 237.266 40.4648 222.473 
797.719 645.898 693.875 247.766 944.813 

0 885.309 964.051 0 44.957 
121.559 0 0 0 0 
677.152 1092.61 921.672 0 0 
0 0 0 0 0 
497.035 427.555 333.781 0 0 

1184.61 1244.25 514.602 0 0 
14.8398 0 0 0 0 
64.2344 856.145 465.582 0 0 
1006.5 1057.07 53.4375 0 0 
0 204.113 1194.93 1354.17 195.254 

0 0 0 0 179.586 
576.609 730.73 0 205.566 319.234 
553.551 0 0 289.039 48.1016 
438.617 0 0 0 0 
787.961 0 0 0 782.684 

0 0 0 207.625 225.633 
0 192.785 0 1066.82 59.0391 
154.227 93.2539 255.645 1232.59 206.191 
0 0 282.266 147.73 0 
44.5 0 0 0 520.457 

539.277 0 0 0 0 
154.848 938.031 0 0 0 
837.832 868.887 0 0 0 
151.633 0 0 0 0 
666.121 338.469 0 0 0 

373.234 76.8086 0 0 0 
0 105.383 574.172 0 0 
505.691 638.039 350.102 0 0.121094 
0 0 0 0 0 
711.23 915.355 0 0 0 

