pooling kernel a input data
0.0429688 0.0429688 0.0429688 0.0429688 0.0429688 0.0429688 0.0429688 0.0429688 0.0429688 0.0429688 0.0429688 0.0429688 0.0429688 0.0429688 0.0429688 0.0429688 0.0429688 0.0429688 0.0429688 0.0429688 0.0429688 0.0429688 0.0429688 0.0429688 0.0429688 0.0429688 0.0429688 0.0429688 
0.0429688 0.0429688 0.0429688 0.0429688 0.0429688 0.0429688 0.0429688 0.0429688 0.0429688 0.0429688 0.0429688 0.0429688 0.0429688 0.0429688 0.0429688 0.0429688 0.0429688 0.0429688 0.0429688 0.0429688 0.0429688 0.0429688 0.0429688 0.0429688 0.0429688 0.0429688 0.0429688 0.0429688 
0.0429688 0.0429688 0.0429688 0.0429688 0.0429688 0.0429688 0.0429688 0 0 0 0 0 0 0 0 0 0 5.73047 0.0429688 0.0429688 0.0429688 0.0429688 0.0429688 0.0429688 0.0429688 0.0429688 0.0429688 0.0429688 
0.0429688 0.0429688 0.0429688 0.0429688 0.0429688 0 0 0 0 0 0 0 0 0 0 0 0 0 6.60547 0.0429688 0.0429688 0.0429688 0.0429688 0.0429688 0.0429688 0.0429688 0.0429688 0.0429688 
0.0429688 0.0429688 0.0429688 0.0429688 0.0429688 0 0 0 0 0 0 0 0 0 0 0 0 16.2695 40.2695 0.0429688 0.0429688 0.0429688 0.0429688 0.0429688 0.0429688 0.0429688 0.0429688 0.0429688 
0.0429688 0.0429688 0.0429688 0.0429688 0.0429688 0 0 0 0 0 0 0 0 0 0 0 108.668 137.023 113.047 0.0429688 0.0429688 0.0429688 0.0429688 0.0429688 0.0429688 0.0429688 0.0429688 0.0429688 
0.0429688 0.0429688 0.0429688 0.0429688 0.0429688 0 0 0 0 0 287.305 543.035 554.539 329.445 76.3047 63.3164 295.605 312.223 201.773 0.0429688 0.0429688 0.0429688 0.0429688 0.0429688 0.0429688 0.0429688 0.0429688 0.0429688 
0.0429688 0.0429688 0.0429688 0.0429688 0.0429688 0 0 0 220.457 581.758 782.133 845.324 581.023 150.398 0 160.227 505.285 468.664 248.781 0.0429688 0.0429688 0.0429688 0.0429688 0.0429688 0.0429688 0.0429688 0.0429688 0.0429688 
0.0429688 0.0429688 0.0429688 0.0429688 0.0429688 0 0 200.969 456.836 633.871 734.32 729.023 350.418 0 0 137.188 610.094 551.922 252.957 0.0429688 0.0429688 0.0429688 0.0429688 0.0429688 0.0429688 0.0429688 0.0429688 0.0429688 
0.0429688 0.0429688 0.0429688 0.0429688 0.0429688 0 33.1484 198.617 382.895 478.59 444.098 282.848 0 0 0 135.605 616.625 556.859 253.051 0.0429688 0.0429688 0.0429688 0.0429688 0.0429688 0.0429688 0.0429688 0.0429688 0.0429688 
0.0429688 0.0429688 0.0429688 0.0429688 0.0429688 0.0429688 0.0429688 0.0429688 0.0429688 0.0429688 0.0429688 0.0429688 0 0 0 135.512 616.625 556.859 253.051 0.0429688 0.0429688 0.0429688 0.0429688 0.0429688 0.0429688 0.0429688 0.0429688 0.0429688 
0.0429688 0.0429688 0.0429688 0.0429688 0.0429688 0.0429688 0.0429688 0.0429688 0.0429688 0.0429688 0.0429688 0 0 0 0 140.762 616.625 556.859 253.051 0.0429688 0.0429688 0.0429688 0.0429688 0.0429688 0.0429688 0.0429688 0.0429688 0.0429688 
0.0429688 0.0429688 0.0429688 0.0429688 0.0429688 0.0429688 0.0429688 0.0429688 0.0429688 0 0 0 0 0 0 170.832 616.625 556.859 253.051 0.0429688 0.0429688 0.0429688 0.0429688 0.0429688 0.0429688 0.0429688 0.0429688 0.0429688 
0.0429688 0.0429688 0.0429688 0.0429688 0.0429688 0.0429688 0 0 0 0 0 0 0 0 0 278.453 643.844 589.766 247.363 0.0429688 0.0429688 0.0429688 0.0429688 0.0429688 0.0429688 0.0429688 0.0429688 0.0429688 
0.0429688 0.0429688 0.0429688 0.0429688 0.0429688 0.0429688 0 0 0 0 0 0 0 0 0 376.805 639.625 552.359 195.238 5.73047 0.0429688 0.0429688 0.0429688 0.0429688 0.0429688 0.0429688 0.0429688 0.0429688 
0.0429688 0.0429688 0.0429688 0.0429688 0.0429688 0.0429688 0 0 0 0 0 0 0 0 9.00781 384.113 465.512 357.902 83.0547 0 6.60547 0.0429688 0.0429688 0.0429688 0.0429688 0.0429688 0.0429688 0.0429688 
0.0429688 0.0429688 0.0429688 0.0429688 0.0429688 0.0429688 0 0 0 0 0 0 105.191 145.961 141.148 257.18 266.652 126.816 0 0 9.89453 5.29297 0.0429688 0.0429688 0.0429688 0.0429688 0.0429688 0.0429688 
0.0429688 0.0429688 0.0429688 0.0429688 0.0429688 0.0429688 0 0 0 220.457 533.414 589.941 502.309 374.398 268.883 193.945 97.0039 0 0 0 0 4.55078 5.29297 0.0429688 0.0429688 0.0429688 0.0429688 0.0429688 
0.0429688 0.0429688 0.0429688 0.0429688 0.0429688 0.0429688 0 0 200.969 456.836 601.777 591.723 473.188 412.965 393.891 298.211 115.605 0 0 0 17.5352 14.457 34.9258 0.0429688 0.0429688 0.0429688 0.0429688 0.0429688 
0.0429688 0.0429688 0.0429688 0.0429688 0.0429688 0.0429688 0 33.1484 198.617 382.895 467.621 432.172 381.137 383.746 335.727 223.594 89.3438 29.8281 0.109375 35.8633 109.199 121.742 104.234 0.0429688 0.0429688 0.0429688 0.0429688 0.0429688 
0.0429688 0.0429688 0.0429688 0.0429688 0.0429688 0.0429688 0.0429688 0.0429688 0.0429688 0.0429688 0.0429688 0 20.4922 131.355 107.328 0 0 0 0 125.258 282.699 294.816 193.711 0.0429688 0.0429688 0.0429688 0.0429688 0.0429688 
0.0429688 0.0429688 0.0429688 0.0429688 0.0429688 0.0429688 0.0429688 0 0 0 0 0 0 0 0 0 0 0 0 313.645 507.973 486.664 242.813 0.0429688 0.0429688 0.0429688 0.0429688 0.0429688 
0.0429688 0.0429688 0.0429688 0.0429688 0.0429688 0 0 0 0 0 0 0 0 0 0 0 0 0 113.102 595.059 801.766 631.691 215.855 0.0429688 0.0429688 0.0429688 0.0429688 0.0429688 
0.0429688 0.0429688 0.0429688 0.0429688 0.0429688 0 0 0 0 0 0 0 0 0 0 0 0 166.754 563.887 919.836 883.266 557.637 144.141 0.0429688 0.0429688 0.0429688 0.0429688 0.0429688 
0.0429688 0.0429688 0.0429688 0.0429688 0.0429688 0 0 0 0 0 0 0 0 0 30.8945 298.055 585.629 809.469 911.602 922.32 695.426 341.031 53.7578 0.0429688 0.0429688 0.0429688 0.0429688 0.0429688 
0.0429688 0.0429688 0.0429688 0.0429688 0.0429688 0 0 0 0 0 287.305 544.723 653.746 649.25 663.973 782.508 876.199 884.988 799.531 632.652 344.668 98.9141 1.8125 0.0429688 0.0429688 0.0429688 0.0429688 0.0429688 
0.0429688 0.0429688 0.0429688 0.0429688 0.0429688 0 0 0 220.457 581.758 782.133 849.043 801.891 702.949 679.598 734.32 740.773 628.934 351.48 112.633 6.9375 0.136719 0.0429688 0.0429688 0.0429688 0.0429688 0.0429688 0.0429688 
0.0429688 0.0429688 0.0429688 0.0429688 0.0429688 0 0 200.969 456.836 633.871 734.32 731.492 646.883 519.93 480.172 444.098 283.691 96.2266 1.8125 0.0429688 0.0429688 0.0429688 0.0429688 0.0429688 0.0429688 0.0429688 0.0429688 0.0429688 

pooling kernel a output data
0.0429688 0.0429688 0.0429688 0.0429688 0.0429688 0.0429688 0.0429688 0.0429688 0.0429688 0.0429688 0.0429688 0.0429688 0.0429688 0.0429688 
0.0429688 0.0429688 0.0429688 0.0429688 0 0 0 0 5.73047 6.60547 0.0429688 0.0429688 0.0429688 0.0429688 
0.0429688 0.0429688 0.0429688 0 0 0 0 0 137.023 113.047 0.0429688 0.0429688 0.0429688 0.0429688 
0.0429688 0.0429688 0.0429688 0 581.758 845.324 581.023 160.227 505.285 248.781 0.0429688 0.0429688 0.0429688 0.0429688 
0.0429688 0.0429688 0.0429688 200.969 633.871 734.32 350.418 137.188 616.625 253.051 0.0429688 0.0429688 0.0429688 0.0429688 
0.0429688 0.0429688 0.0429688 0.0429688 0.0429688 0.0429688 0 140.762 616.625 253.051 0.0429688 0.0429688 0.0429688 0.0429688 
0.0429688 0.0429688 0.0429688 0.0429688 0.0429688 0 0 278.453 643.844 253.051 0.0429688 0.0429688 0.0429688 0.0429688 
0.0429688 0.0429688 0.0429688 0 0 0 0 384.113 639.625 195.238 6.60547 0.0429688 0.0429688 0.0429688 
0.0429688 0.0429688 0.0429688 0 220.457 589.941 502.309 268.883 266.652 0 9.89453 5.29297 0.0429688 0.0429688 
0.0429688 0.0429688 0.0429688 33.1484 456.836 601.777 473.188 393.891 115.605 35.8633 121.742 104.234 0.0429688 0.0429688 
0.0429688 0.0429688 0.0429688 0.0429688 0.0429688 0.0429688 131.355 107.328 0 313.645 507.973 242.813 0.0429688 0.0429688 
0.0429688 0.0429688 0.0429688 0 0 0 0 0 166.754 919.836 883.266 215.855 0.0429688 0.0429688 
0.0429688 0.0429688 0.0429688 0 0 544.723 653.746 782.508 884.988 922.32 695.426 53.7578 0.0429688 0.0429688 
0.0429688 0.0429688 0.0429688 200.969 633.871 849.043 801.891 734.32 740.773 351.48 6.9375 0.0429688 0.0429688 0.0429688 
pooling kernel a input data
0 0 0 0 0 0 0 0 0 0 0 0 0 0 0 0 0 0 0 0 0 0 0 0 0 0 0 0 
0 0 0 0 0 0 0 0 0 0 0 0 0 0 0 0 0 0 0 0 0 0 0 0 0 0 0 0 
0 0 0 0 0 0 0 21.5273 96.1953 185.727 232.313 209.668 156.379 98.8359 10.9609 0 0 0 0 0 0 0 0 0 0 0 0 0 
0 0 0 0 0 21.5273 96.1953 222.852 387.516 452.219 373.086 276.309 186.75 94.3906 0 0 0 0 0 0 0 0 0 0 0 0 0 0 
0 0 0 0 0 104.07 322.367 520.988 588.621 492.758 357.809 259.809 195.063 109.035 0 0 0 0 0 0 0 0 0 0 0 0 0 0 
0 0 0 0 0 191.73 533.555 699.57 704.063 457.238 189.078 19.8164 0 29.0352 0 0 0 0 0 0 0 0 0 0 0 0 0 0 
0 0 0 0 0 236.711 586.879 653.715 467.422 114.711 0 0 0 103.109 79.7305 0 0 0 0 0 0 0 0 0 0 0 0 0 
0 0 0 0 0 258.477 503.297 358.523 106.328 0 0 0 8.14063 425.566 335.688 0 0 0 0 0 0 0 0 0 0 0 0 0 
0 0 0 0 0 204.66 270.34 112.238 0 0 0 0 225.34 676.656 562.297 0 0 0 0 0 0 0 0 0 0 0 0 0 
0 0 0 0 0 66.4336 106.16 4.26563 0 0 0 0 575.691 938.855 677.488 0 0 0 0 0 0 0 0 0 0 0 0 0 
0 0 0 0 0 0 0 0 0 0 0 0 666.258 976.043 679.207 0 0 0 0 0 0 0 0 0 0 0 0 0 
0 0 0 0 0 0 0 0 0 0 0 28.7461 705.258 1000.79 672.082 0 0 0 0 0 0 0 0 0 0 0 0 0 
0 0 0 0 0 0 0 0 0 21.5273 96.1953 235.227 875.625 987.547 565.93 0 0 0 0 0 0 0 0 0 0 0 0 0 
0 0 0 0 0 0 21.5273 96.1953 185.727 269.438 364.871 462.93 857.039 775.762 340.156 0 0 0 0 0 0 0 0 0 0 0 0 0 
0 0 0 0 0 0 104.07 322.367 480.207 477.219 437.242 475.824 676.078 499.563 157.941 0 0 0 0 0 0 0 0 0 0 0 0 0 
0 0 0 0 0 0 191.73 533.555 650.914 588.801 473.766 445.109 414.223 241.379 2.62109 0 0 0 0 0 0 0 0 0 0 0 0 0 
0 0 0 0 0 0 236.711 586.879 613.777 404.758 232.23 81.8125 56.75 77.7148 0 0 0 0 0 0 0 0 0 0 0 0 0 0 
0 0 0 0 0 0 258.477 503.297 358.523 106.328 0 0 0 40.5391 0 0 0 0 0 0 0 0 0 0 0 0 0 0 
0 0 0 0 0 0 204.66 270.34 112.238 0 0 0 0 0 48.5 135.789 46.4258 0 0 0 0 0 0 0 0 0 0 0 
0 0 0 0 0 0 66.4336 106.16 4.26563 0 0 0 17.918 0 96.2422 302.586 267.883 41.4766 0 0 0 0 0 0 0 0 0 0 
0 0 0 0 0 0 0 0 0 0 0 66.4336 127.816 105.996 330.559 581.281 569.137 300.594 0 0 0 0 0 0 0 0 0 0 
0 0 0 0 0 0 0 21.5273 96.1953 185.727 232.313 209.668 203.129 316.895 615.563 727.27 584.688 339.465 0 0 0 0 0 0 0 0 0 0 
0 0 0 0 0 21.5273 96.1953 222.852 387.516 452.219 373.086 276.309 244.031 342.309 464.387 574.641 443.656 142.836 0 0 0 0 0 0 0 0 0 0 
0 0 0 0 0 104.07 322.367 520.988 588.621 492.758 357.809 259.809 261.844 369.98 353.453 283.461 59.8672 0 0 0 0 0 0 0 0 0 0 0 
0 0 0 0 0 191.73 533.555 699.57 704.063 457.238 189.078 17.4102 0 57.1992 0 0 0 0 0 0 0 0 0 0 0 0 0 0 
0 0 0 0 0 236.711 586.879 653.715 467.422 114.711 0 0 0 0 0 0 0 0 0 0 0 0 0 0 0 0 0 0 
0 0 0 0 0 258.477 503.297 358.523 106.328 0 0 0 0 0 0 0 0 0 0 0 0 0 0 0 0 0 0 0 
0 0 0 0 0 204.66 270.34 112.238 0 0 0 0 0 0 0 0 0 0 0 0 0 0 0 0 0 0 0 0 

pooling kernel a output data
0 0 0 0 0 0 0 0 0 0 0 0 0 0 
0 0 21.5273 222.852 452.219 373.086 186.75 10.9609 0 0 0 0 0 0 
0 0 191.73 699.57 704.063 357.809 195.063 0 0 0 0 0 0 0 
0 0 258.477 653.715 467.422 0 425.566 335.688 0 0 0 0 0 0 
0 0 204.66 270.34 0 0 938.855 677.488 0 0 0 0 0 0 
0 0 0 0 0 28.7461 1000.79 679.207 0 0 0 0 0 0 
0 0 0 96.1953 269.438 462.93 987.547 565.93 0 0 0 0 0 0 
0 0 0 533.555 650.914 475.824 676.078 157.941 0 0 0 0 0 0 
0 0 0 586.879 613.777 232.23 77.7148 0 0 0 0 0 0 0 
0 0 0 270.34 112.238 0 17.918 302.586 267.883 0 0 0 0 0 
0 0 0 21.5273 185.727 232.313 316.895 727.27 584.688 0 0 0 0 0 
0 0 104.07 520.988 588.621 373.086 369.98 574.641 443.656 0 0 0 0 0 
0 0 236.711 699.57 704.063 189.078 57.1992 0 0 0 0 0 0 0 
0 0 258.477 503.297 106.328 0 0 0 0 0 0 0 0 0 
pooling kernel a input data
0 0 0 0 0 0 0 0 0 0 0 0 0 0 0 0 0 0 0 0 0 0 0 0 0 0 0 0 
0 0 0 0 0 0 0 0 0 0 0 0 0 0 0 0 0 0 0 0 0 0 0 0 0 0 0 0 
0 0 0 0 0 0 0 0 0 0 0 0 0 0 0 0 0 0 0 0 0 0 0 0 0 0 0 0 
0 0 0 0 0 0 0 0 45.4492 95.1953 148.609 200.594 182.848 116.051 41.6563 14.2773 0 0 0 0 0 0 0 0 0 0 0 0 
0 0 0 0 0 9.08984 58.6172 170.645 316.379 461.957 529.512 549.25 517.645 431.328 252.797 101.102 37.4219 0 0 0 0 0 0 0 0 0 0 0 
0 0 0 0 0 130.844 296.086 391.418 434.559 345.246 333.672 352.578 335.355 379.043 402.836 215.348 94.0625 0 0 0 0 0 0 0 0 0 0 0 
0 0 0 0 0 154.957 260.887 283.527 267.91 171.887 59.5508 16.9258 39.5781 89.2695 292.105 237.98 115.867 0 0 0 0 0 0 0 0 0 0 0 
0 0 0 0 0 0 0 0 0 0 0 0 0 0 126.332 190.996 142.34 2.96094 0 0 0 0 0 0 0 0 0 0 
0 0 0 0 0 0 0 0 0 0 0 0 0 0 78.8477 169.484 159.23 26.4375 0 0 0 0 0 0 0 0 0 0 
0 0 0 0 0 0 0 0 0 0 0 25.6875 4.00781 0 68.1602 203.992 160.355 27.875 0 0 0 0 0 0 0 0 0 0 
0 0 0 0 0 0 0 0 0 0 0 0 17.9141 0 66.7227 205.18 160.355 27.875 0 0 0 0 0 0 0 0 0 0 
0 0 0 0 0 0 0 0 0 0 0 0 1.78906 0 52.8477 203.68 160.355 27.875 0 0 0 0 0 0 0 0 0 0 
0 0 0 0 0 0 0 0 0 0 0 0 0 0 60.8828 191.82 160.355 27.875 0 0 0 0 0 0 0 0 0 0 
0 0 0 0 0 0 0 0 0 0 22.875 144.836 114.887 42.4609 119.84 182.887 159.137 42.9063 0 0 0 0 0 0 0 0 0 0 
0 0 0 0 0 0 9.08984 58.6172 128.176 199.188 360.754 416.961 261.379 98.3477 66.3477 97.75 125.449 0 0 0 0 0 0 0 0 0 0 0 
0 0 0 0 0 0 130.844 296.086 422.355 532.348 425.758 274.313 135.871 85.25 32.1758 70.1406 97.5859 2.05078 0 0 0 0 0 0 0 0 0 0 
0 0 0 0 0 0 154.957 260.887 315.027 362.66 283.051 172.707 155.609 155.285 148.672 263.82 266.387 78.4609 0 0 0 0 0 0 0 0 0 0 
0 0 0 0 0 0 0 0 0 0 0 0 52.4844 112.461 210.434 379.594 431.945 223.234 49.4102 0 0 0 0 0 0 0 0 0 
0 0 0 0 0 0 0 0 0 0 0 0 0 0 26.5078 139.547 289.211 396.27 206.133 54.6992 11.3281 0 0 0 0 0 0 0 
0 0 0 0 0 0 0 0 0 0 0 0 0 0 0 0 110.695 370.492 399.945 187.293 63.625 0 0 0 0 0 0 0 
0 0 0 0 0 0 0 0 0 0 0 0 0 0 0 0 0 134.363 351.012 232.031 113.117 0 0 0 0 0 0 0 
0 0 0 0 0 0 0 0 0 0 0 0 0 11.8906 0 0 4.85156 128.941 219.402 168.191 136.309 14.8672 0 0 0 0 0 0 
0 0 0 0 0 0 0 0 45.4492 95.1953 148.609 200.594 239.816 353.883 402.586 288.379 169.035 173.336 165.344 110.121 176.254 29.7773 0 0 0 0 0 0 
0 0 0 0 0 9.08984 58.6172 170.645 316.379 461.957 529.512 549.25 505.582 404.168 323.656 249.984 129.07 23.6797 0 0 42.4805 0 0 0 0 0 0 0 
0 0 0 0 0 130.844 296.086 391.418 434.559 345.246 333.672 353.422 318.344 242.918 134.113 55.4258 0 0 0 0 0 0 0 0 0 0 0 0 
0 0 0 0 0 154.957 260.887 283.527 267.91 171.887 59.5508 13.3008 0 0 0 0 0 0 0 0 8.31641 0 0 0 0 0 0 0 
0 0 0 0 0 0 0 0 0 0 0 0 0 0 0 0 0 0 8.78516 0 0 0 0 0 0 0 0 0 
0 0 0 0 0 0 0 0 0 0 0 0 0 0 0 0 29.1875 0 0 0 0 0 0 0 0 0 0 0 

pooling kernel a output data
0 0 0 0 0 0 0 0 0 0 0 0 0 0 
0 0 0 0 95.1953 200.594 182.848 41.6563 0 0 0 0 0 0 
0 0 130.844 391.418 461.957 549.25 517.645 402.836 94.0625 0 0 0 0 0 
0 0 154.957 283.527 267.91 59.5508 89.2695 292.105 142.34 0 0 0 0 0 
0 0 0 0 0 25.6875 4.00781 203.992 160.355 0 0 0 0 0 
0 0 0 0 0 0 17.9141 205.18 160.355 0 0 0 0 0 
0 0 0 0 0 144.836 114.887 191.82 160.355 0 0 0 0 0 
0 0 0 296.086 532.348 425.758 261.379 97.75 125.449 0 0 0 0 0 
0 0 0 260.887 362.66 283.051 155.609 379.594 431.945 49.4102 0 0 0 0 
0 0 0 0 0 0 0 139.547 396.27 399.945 63.625 0 0 0 
0 0 0 0 0 0 11.8906 0 134.363 351.012 136.309 0 0 0 
0 0 9.08984 170.645 461.957 549.25 505.582 402.586 173.336 165.344 176.254 0 0 0 
0 0 154.957 391.418 434.559 353.422 318.344 134.113 0 0 8.31641 0 0 0 
0 0 0 0 0 0 0 0 29.1875 8.78516 0 0 0 0 
pooling kernel a input data
0 0 0 0 0 0 0 0 0 0 0 0 0 0 0 0 0 0 0 0 0 0 0 0 0 0 0 0 
0 0 0 0 0 0 0 0 0 0 0 0 0 0 0 0 0 0 0 0 0 0 0 0 0 0 0 0 
0 0 0 0 0 0 0 10.3906 39.5273 40.3633 0 0 0 0 0 0 0 0 0 0 0 0 0 0 0 0 0 0 
0 0 0 0 0 10.3906 39.5273 77.207 110.305 125.906 207.867 317.324 363.332 311.188 220.863 118.586 26.5195 0 0 0 0 0 0 0 0 0 0 0 
0 0 0 0 0 69.0586 175.852 207.617 385.387 587.426 736.246 788.887 739.809 654.738 460.094 254.02 103.008 46.5195 8.56641 0 0 0 0 0 0 0 0 0 
0 0 0 0 0 166.879 334.492 556.395 782.348 880.465 787.703 773.309 819.191 822.852 658.285 337.453 189.664 84.7734 10.7305 0 0 0 0 0 0 0 0 0 
0 0 0 0 0 195.055 461.805 611.234 767.527 727.633 661.438 631.266 684.27 634.402 612.023 356.59 220.426 102.176 0 0 0 0 0 0 0 0 0 0 
0 0 0 0 0 122.121 260.273 313.523 415.676 349.781 176.078 67.0469 275.648 419.844 605.477 448.246 229.031 124.219 0 0 0 0 0 0 0 0 0 0 
0 0 0 0 0 5.85547 32.9961 40.4492 52.5547 0 0 0 304.004 524.516 637.926 492.238 236.492 142.297 0 0 0 0 0 0 0 0 0 0 
0 0 0 0 0 0 0 0 0 0 32.3164 43.25 356.867 508.371 603.746 494.98 237.055 143.422 0 0 0 0 0 0 0 0 0 0 
0 0 0 0 0 0 0 0 0 0 0 0 338.656 508.988 602.621 495.043 237.055 143.422 0 0 0 0 0 0 0 0 0 0 
0 0 0 0 0 0 0 0 0 0 0 13.8594 348.406 483.488 589.871 484.168 237.055 143.422 0 0 0 0 0 0 0 0 0 0 
0 0 0 0 0 0 0 0 0 10.3906 39.5273 89.4883 298.758 445.105 592.617 495.406 237.055 143.422 0 0 0 0 0 0 0 0 0 0 
0 0 0 0 0 0 10.3906 39.5273 40.3633 30.7852 73.5938 151.801 426.57 655.117 757.77 504.789 264.68 157.234 0 0 0 0 0 0 0 0 0 0 
0 0 0 0 0 0 69.0586 175.852 172.18 272.816 468.957 678.059 804.566 818.078 718.27 454.555 211.023 66.8281 0 0 0 0 0 0 0 0 0 0 
0 0 0 0 0 0 166.879 334.492 532.488 722.648 878.035 842 774.398 742.313 665.504 442.453 237.172 79.2188 0 0 0 0 0 0 0 0 0 0 
0 0 0 0 0 0 195.055 461.805 622.203 799.813 800.129 795.902 836.844 841.602 742.844 610.398 432.371 247.121 75.9648 21.0195 0 0 0 0 0 0 0 0 
0 0 0 0 0 0 122.121 260.273 313.523 415.676 400.969 418.242 490.824 548.23 708.746 830.344 704.895 442.582 231.352 70.5391 1.55078 0 0 0 0 0 0 0 
0 0 0 0 0 0 5.85547 32.9961 40.4492 52.5547 31.3477 59.0469 189.242 302.555 532.637 614.512 644.414 580.926 402.723 199.625 50.8516 34.1758 1.25391 0 0 0 0 0 
0 0 0 0 0 0 0 0 0 0 0 19.9063 80.668 80.5039 242.289 451.012 604.863 750.07 617.059 319.387 172.602 80.3672 17.8555 0 0 0 0 0 
0 0 0 0 0 0 0 0 0 0 0 0 0 0 145.586 373.98 446.617 616.773 674.43 382.117 223.301 103.426 0 0 0 0 0 0 
0 0 0 0 0 0 0 10.3906 39.5273 40.3633 0 0 0 47.3945 102.109 324.793 583.328 754.973 834.629 437.07 253.844 134.719 0 0 0 0 0 0 
0 0 0 0 0 10.3906 39.5273 77.207 110.305 125.906 207.867 317.324 415.145 537.465 637.652 752.441 821.859 758.945 713.348 473.16 301.906 150.926 0 0 0 0 0 0 
0 0 0 0 0 69.0586 175.852 207.617 385.387 587.426 736.246 788.887 779.465 829.664 832.094 750.324 664.684 604.152 561.004 297.191 71.2695 0 0 0 0 0 0 0 
0 0 0 0 0 166.879 334.492 556.395 782.348 880.465 787.703 772.152 781.18 773.355 717.965 654.063 583.859 343.48 83.8359 0 0 0 0 0 0 0 0 0 
0 0 0 0 0 195.055 461.805 611.234 767.527 727.633 661.438 627.172 511.801 402.594 305.398 175.828 33.8906 0 0 0 6.19922 17.3828 0 0 0 0 0 0 
0 0 0 0 0 122.121 260.273 313.523 415.676 349.781 176.078 63.1094 0 0 0 0 0 0 9.76172 22.0391 0 0 0 0 0 0 0 0 
0 0 0 0 0 5.85547 32.9961 40.4492 52.5547 0 0 0 0 0 0 32.3164 44.4688 19.2266 0 0 0 0 0 0 0 0 0 0 

pooling kernel a output data
0 0 0 0 0 0 0 0 0 0 0 0 0 0 
0 0 10.3906 77.207 125.906 317.324 363.332 220.863 26.5195 0 0 0 0 0 
0 0 166.879 556.395 880.465 788.887 822.852 658.285 189.664 10.7305 0 0 0 0 
0 0 195.055 611.234 767.527 661.438 684.27 612.023 229.031 0 0 0 0 0 
0 0 5.85547 40.4492 52.5547 43.25 524.516 637.926 237.055 0 0 0 0 0 
0 0 0 0 0 13.8594 508.988 602.621 237.055 0 0 0 0 0 
0 0 0 39.5273 40.3633 151.801 655.117 757.77 264.68 0 0 0 0 0 
0 0 0 334.492 722.648 878.035 818.078 718.27 237.172 0 0 0 0 0 
0 0 0 461.805 799.813 800.129 841.602 830.344 704.895 231.352 1.55078 0 0 0 
0 0 0 32.9961 52.5547 59.0469 302.555 614.512 750.07 617.059 172.602 17.8555 0 0 
0 0 0 10.3906 40.3633 0 47.3945 373.98 754.973 834.629 253.844 0 0 0 
0 0 69.0586 207.617 587.426 788.887 829.664 832.094 821.859 713.348 301.906 0 0 0 
0 0 195.055 611.234 880.465 787.703 781.18 717.965 583.859 83.8359 17.3828 0 0 0 
0 0 122.121 313.523 415.676 176.078 0 32.3164 44.4688 22.0391 0 0 0 0 
pooling kernel a input data
0.171875 0.171875 0.171875 0.171875 0.171875 0.171875 0.171875 0.171875 0.171875 0.171875 0.171875 0.171875 0.171875 0.171875 0.171875 0.171875 0.171875 0.171875 0.171875 0.171875 0.171875 0.171875 0.171875 0.171875 0.171875 0.171875 0.171875 0.171875 
0.171875 0.171875 0.171875 0.171875 0.171875 0.171875 0.171875 0.171875 0.171875 0.171875 0.171875 0.171875 0.171875 0.171875 0.171875 0.171875 0.171875 0.171875 0.171875 0.171875 0.171875 0.171875 0.171875 0.171875 0.171875 0.171875 0.171875 0.171875 
0.171875 0.171875 0.171875 0.171875 0.171875 0.171875 0.171875 9.45313 56.1992 168.445 350.613 549.266 664.102 655.887 574.766 423.098 225.727 62.7344 0.171875 0.171875 0.171875 0.171875 0.171875 0.171875 0.171875 0.171875 0.171875 0.171875 
0.171875 0.171875 0.171875 0.171875 0.171875 9.45313 56.1992 169.008 388.074 689.168 911.875 1046.64 1142 1142.57 1053.2 876.266 627.898 315.508 72.3594 0.171875 0.171875 0.171875 0.171875 0.171875 0.171875 0.171875 0.171875 0.171875 
0.171875 0.171875 0.171875 0.171875 0.171875 29.4805 155 434.266 780.66 1062.75 1122.87 1075 1033.26 1011.26 991.805 914.957 771.617 539.898 213.914 0.171875 0.171875 0.171875 0.171875 0.171875 0.171875 0.171875 0.171875 0.171875 
0.171875 0.171875 0.171875 0.171875 0.171875 24.4141 222.191 470.461 728.102 922.125 805.012 532.215 289.723 174.516 274.441 518.477 597.516 499.105 264.246 0.171875 0.171875 0.171875 0.171875 0.171875 0.171875 0.171875 0.171875 0.171875 
0.171875 0.171875 0.171875 0.171875 0.171875 30.4805 127.332 119.5 0 0 0 0 0 0 0 113.211 316.867 312.508 199.723 0.171875 0.171875 0.171875 0.171875 0.171875 0.171875 0.171875 0.171875 0.171875 
0.171875 0.171875 0.171875 0.171875 0.171875 20.5039 0 0 0 0 0 0 0 0 0 21.2188 150.102 147.824 126.215 0.171875 0.171875 0.171875 0.171875 0.171875 0.171875 0.171875 0.171875 0.171875 
0.171875 0.171875 0.171875 0.171875 0.171875 0 0 0 0 0 0 0 0 0 0 54.6484 105.363 90.1445 96.4883 0.171875 0.171875 0.171875 0.171875 0.171875 0.171875 0.171875 0.171875 0.171875 
0.171875 0.171875 0.171875 0.171875 0.171875 0 0 0 0 0 0 0 0 99.2031 146.273 106.063 102.77 86.832 94.8008 0.171875 0.171875 0.171875 0.171875 0.171875 0.171875 0.171875 0.171875 0.171875 
0.171875 0.171875 0.171875 0.171875 0.171875 0.171875 0.171875 0.171875 0.171875 0.171875 0.171875 0.171875 34.0391 133.648 149.586 107.75 102.77 86.832 94.8008 0.171875 0.171875 0.171875 0.171875 0.171875 0.171875 0.171875 0.171875 0.171875 
0.171875 0.171875 0.171875 0.171875 0.171875 0.171875 0.171875 0.171875 0.171875 0.171875 0.171875 12.5469 70.4141 201.523 233.961 165.5 102.77 86.832 94.8008 0.171875 0.171875 0.171875 0.171875 0.171875 0.171875 0.171875 0.171875 0.171875 
0.171875 0.171875 0.171875 0.171875 0.171875 0.171875 0.171875 0.171875 0.171875 9.45313 56.1992 169.195 399.234 589.625 548.73 313.273 102.77 86.832 94.8008 0.171875 0.171875 0.171875 0.171875 0.171875 0.171875 0.171875 0.171875 0.171875 
0.171875 0.171875 0.171875 0.171875 0.171875 0.171875 9.45313 56.1992 168.445 351.176 586.727 817.504 942.504 897.75 715.98 341.449 29.2383 0 32.2383 0.171875 0.171875 0.171875 0.171875 0.171875 0.171875 0.171875 0.171875 0.171875 
0.171875 0.171875 0.171875 0.171875 0.171875 0.171875 29.4805 155 427.234 756.633 1058.45 1187.74 1098.97 849.965 591.805 264.238 80.1445 87.957 110.488 62.7344 0.171875 0.171875 0.171875 0.171875 0.171875 0.171875 0.171875 0.171875 
0.171875 0.171875 0.171875 0.171875 0.171875 0.171875 24.4141 222.191 462.867 723.707 988.402 975.625 774.746 534.742 357.215 240.32 280.734 368.031 450.984 315.508 72.3594 0.171875 0.171875 0.171875 0.171875 0.171875 0.171875 0.171875 
0.171875 0.171875 0.171875 0.171875 0.171875 0.171875 30.4805 127.332 134.406 31.8203 0 0 0 0 0 178.719 426.516 578.18 698.758 607.773 298.289 57.9219 0.171875 0.171875 0.171875 0.171875 0.171875 0.171875 
0.171875 0.171875 0.171875 0.171875 0.171875 0.171875 20.5039 0 0 0 0 0 0 0 0 0 60.4531 427.723 714.441 746.492 590.086 285.258 57.9219 0.171875 0.171875 0.171875 0.171875 0.171875 
0.171875 0.171875 0.171875 0.171875 0.171875 0.171875 0 0 0 0 0 0 0 0 0 0 0 35.3281 495.434 703.23 712.648 526.898 200.883 0.171875 0.171875 0.171875 0.171875 0.171875 
0.171875 0.171875 0.171875 0.171875 0.171875 0.171875 0 0 0 0 0 0 0 0 0 0 0 0 145.449 507.492 576.859 510.449 268.934 0.171875 0.171875 0.171875 0.171875 0.171875 
0.171875 0.171875 0.171875 0.171875 0.171875 0.171875 0.171875 0.171875 0.171875 0.171875 0.171875 0 0 0 0 0 131.582 162.473 207.602 361.691 330.898 332.414 208.535 0.171875 0.171875 0.171875 0.171875 0.171875 
0.171875 0.171875 0.171875 0.171875 0.171875 0.171875 0.171875 9.45313 56.1992 168.445 350.613 549.266 668.789 723.281 785.273 789.363 776.012 596.332 380.133 252.957 87.6641 68.043 68.7148 0.171875 0.171875 0.171875 0.171875 0.171875 
0.171875 0.171875 0.171875 0.171875 0.171875 9.45313 56.1992 169.008 388.074 689.168 911.875 1046.64 1149.28 1190.68 1170.15 1052.38 853.996 575.059 216.363 0 0 0 0 0.171875 0.171875 0.171875 0.171875 0.171875 
0.171875 0.171875 0.171875 0.171875 0.171875 29.4805 155 434.266 780.66 1062.75 1122.87 1075 1043.98 1042.12 975.844 760.875 394.781 0 0 0 0 0 0 0.171875 0.171875 0.171875 0.171875 0.171875 
0.171875 0.171875 0.171875 0.171875 0.171875 24.4141 222.191 470.461 728.102 922.125 805.012 531.184 242.289 0 0 0 0 0 0 0 0 0 0 0.171875 0.171875 0.171875 0.171875 0.171875 
0.171875 0.171875 0.171875 0.171875 0.171875 30.4805 127.332 119.5 0 0 0 0 0 0 0 0 0 0 0 0 0 0 0 0.171875 0.171875 0.171875 0.171875 0.171875 
0.171875 0.171875 0.171875 0.171875 0.171875 20.5039 0 0 0 0 0 0 0 0 0 0 0 0 0 0 0 0 0.171875 0.171875 0.171875 0.171875 0.171875 0.171875 
0.171875 0.171875 0.171875 0.171875 0.171875 0 0 0 0 0 0 0 0 0 0 0 0 0 0 0.171875 0.171875 0.171875 0.171875 0.171875 0.171875 0.171875 0.171875 0.171875 

pooling kernel a output data
0.171875 0.171875 0.171875 0.171875 0.171875 0.171875 0.171875 0.171875 0.171875 0.171875 0.171875 0.171875 0.171875 0.171875 
0.171875 0.171875 9.45313 169.008 689.168 1046.64 1142.57 1053.2 627.898 72.3594 0.171875 0.171875 0.171875 0.171875 
0.171875 0.171875 29.4805 470.461 1062.75 1122.87 1033.26 991.805 771.617 264.246 0.171875 0.171875 0.171875 0.171875 
0.171875 0.171875 30.4805 127.332 0 0 0 113.211 316.867 199.723 0.171875 0.171875 0.171875 0.171875 
0.171875 0.171875 0.171875 0 0 0 99.2031 146.273 105.363 96.4883 0.171875 0.171875 0.171875 0.171875 
0.171875 0.171875 0.171875 0.171875 0.171875 12.5469 201.523 233.961 102.77 94.8008 0.171875 0.171875 0.171875 0.171875 
0.171875 0.171875 0.171875 56.1992 351.176 817.504 942.504 715.98 102.77 94.8008 0.171875 0.171875 0.171875 0.171875 
0.171875 0.171875 0.171875 222.191 756.633 1187.74 1098.97 591.805 368.031 450.984 72.3594 0.171875 0.171875 0.171875 
0.171875 0.171875 0.171875 127.332 134.406 0 0 178.719 578.18 746.492 590.086 57.9219 0.171875 0.171875 
0.171875 0.171875 0.171875 0 0 0 0 0 35.3281 703.23 712.648 268.934 0.171875 0.171875 
0.171875 0.171875 0.171875 9.45313 168.445 549.266 723.281 789.363 776.012 380.133 332.414 208.535 0.171875 0.171875 
0.171875 0.171875 29.4805 434.266 1062.75 1122.87 1190.68 1170.15 853.996 216.363 0 0.171875 0.171875 0.171875 
0.171875 0.171875 30.4805 470.461 922.125 805.012 242.289 0 0 0 0 0.171875 0.171875 0.171875 
0.171875 0.171875 20.5039 0 0 0 0 0 0 0.171875 0.171875 0.171875 0.171875 0.171875 
pooling kernel a input data
0 0 0 0 0 0 0 0 0 0 0 0 0 0 0 0 0 0 0 0 0 0 0 0 0 0 0 0 
0 0 0 0 0 0 0 0 0 0 0 0 0 0 0 0 0 0 0 0 0 0 0 0 0 0 0 0 
0 0 0 0 0 0 0 30.3086 111.477 152.617 137.414 129.375 130.695 76.2773 7.60547 0 16.8477 11.8398 0 0 0 0 0 0 0 0 0 0 
0 0 0 0 0 30.3086 111.477 194.523 299.27 377.941 397.938 398.465 415.664 340.777 169.398 43.832 38.7578 47.2539 13.7148 0 0 0 0 0 0 0 0 0 
0 0 0 0 0 136.508 322.348 401.168 428.867 518.598 604.094 670.789 727.984 713.109 569.934 272.258 112.465 96.9453 60.9414 0 0 0 0 0 0 0 0 0 
0 0 0 0 0 189.539 438.387 526.742 512.094 655.055 712.891 769.395 935.977 1009.83 908.109 492.176 228.453 164.48 140.172 0 0 0 0 0 0 0 0 0 
0 0 0 0 0 80.7773 296.777 479.359 610.91 802.434 804.449 736.145 965.492 1098.63 993.887 531.285 263.988 218.074 201.148 0 0 0 0 0 0 0 0 0 
0 0 0 0 0 0 168.023 366.863 552.422 634.016 592.023 514.953 765.836 965.656 911.195 596.531 312.914 226.906 186.984 0 0 0 0 0 0 0 0 0 
0 0 0 0 0 0 109.23 271.766 343.129 371.523 364.504 279.43 457.414 774.109 805.625 623.758 354.688 229.75 156.047 0 0 0 0 0 0 0 0 0 
0 0 0 0 0 10.4336 71.3125 164.594 207.836 168.492 78.9258 0 192.16 704.563 867.25 687.945 357.25 229.75 154.047 0 0 0 0 0 0 0 0 0 
0 0 0 0 0 0 0 0 0 0 0 0 252.66 739.75 867.25 689.945 357.25 229.75 154.047 0 0 0 0 0 0 0 0 0 
0 0 0 0 0 0 0 0 0 0 0 40.5273 275.16 729.25 859 701.195 357.25 229.75 154.047 0 0 0 0 0 0 0 0 0 
0 0 0 0 0 0 0 0 0 30.3086 111.477 208.492 324.598 702.258 856.844 745.703 357.25 229.75 154.047 0 0 0 0 0 0 0 0 0 
0 0 0 0 0 0 30.3086 111.477 152.617 179.32 291.23 404.887 432.953 721.75 869.445 799.434 368.625 238.688 141.859 0 0 0 0 0 0 0 0 0 
0 0 0 0 0 0 136.508 322.348 392.168 383.555 449.027 536.047 620.734 868.191 992.773 882.41 383.906 236.969 113.328 11.8398 0 0 0 0 0 0 0 0 
0 0 0 0 0 0 189.539 438.387 543.336 513.988 627.855 793.602 919.5 1080.21 1126.22 1000.76 499.422 217.391 56.3516 47.2539 13.7148 0 0 0 0 0 0 0 
0 0 0 0 0 0 80.7773 296.777 472.891 568.094 775.684 988.906 1139.13 1149.89 1107.04 1039.23 725.051 328.957 86.5508 86.4453 52.6914 10.9023 0 0 0 0 0 0 
0 0 0 0 0 0 0 168.023 366.863 552.422 647.016 731.93 855.941 920.871 1005.84 1033.15 893.602 590.156 331.281 161.09 93.8203 46.2227 10.9023 0 0 0 0 0 
0 0 0 0 0 0 0 109.23 271.766 343.129 347.555 368.266 429.203 500.305 731.738 973.152 1008.56 808.441 612.063 307.219 132.965 95.5078 54.4727 0 0 0 0 0 
0 0 0 0 0 0 10.4336 71.3125 164.594 207.836 177.836 116.43 140.16 219.266 383.035 743.023 919.504 911.191 822.121 446.434 193.234 156.418 131.359 0 0 0 0 0 
0 0 0 0 0 0 0 0 0 0 0 10.4336 101.969 274.574 322.531 553.258 739.77 901.359 931.125 593.711 251.863 210.73 198.711 0 0 0 0 0 
0 0 0 0 0 0 0 30.3086 111.477 152.617 137.414 129.375 186.227 310.645 394.422 546.453 777.336 926.289 919.094 722.715 316.602 237.844 180.797 0 0 0 0 0 
0 0 0 0 0 30.3086 111.477 194.523 299.27 377.941 397.938 398.465 443.289 497.227 577.578 642.203 823.129 897.168 861.516 762.277 392.273 238.563 98.1328 0 0 0 0 0 
0 0 0 0 0 136.508 322.348 401.168 428.867 518.598 604.094 670.789 715.391 725.246 752.445 741.082 812.023 820.324 757.934 681.266 373.469 175.367 17.2461 0 0 0 0 0 
0 0 0 0 0 189.539 438.387 526.742 512.094 655.055 712.891 765.988 824.621 871.477 880.531 807.699 720.488 644.625 583.809 466.359 217.527 18.4141 0 0 0 0 0 0 
0 0 0 0 0 80.7773 296.777 479.359 610.91 802.434 804.449 731.488 707.813 694.785 641.086 584.023 534.234 490.738 333.219 165.281 4.07422 0 0 0 0 0 0 0 
0 0 0 0 0 0 168.023 366.863 552.422 634.016 592.023 513.953 474.031 408.711 377.234 364.504 273.367 165.719 7.98047 0 0 0 0 0 0 0 0 0 
0 0 0 0 0 0 109.23 271.766 343.129 371.523 364.504 281.273 223.66 159.422 134.742 78.9258 0 0 0 0 0 0 0 0 0 0 0 0 

pooling kernel a output data
0 0 0 0 0 0 0 0 0 0 0 0 0 0 
0 0 30.3086 194.523 377.941 398.465 415.664 169.398 47.2539 13.7148 0 0 0 0 
0 0 189.539 526.742 655.055 769.395 1009.83 908.109 228.453 140.172 0 0 0 0 
0 0 80.7773 479.359 802.434 804.449 1098.63 993.887 312.914 201.148 0 0 0 0 
0 0 10.4336 271.766 371.523 364.504 774.109 867.25 357.25 156.047 0 0 0 0 
0 0 0 0 0 40.5273 739.75 867.25 357.25 154.047 0 0 0 0 
0 0 0 111.477 179.32 404.887 721.75 869.445 368.625 154.047 0 0 0 0 
0 0 0 438.387 543.336 793.602 1080.21 1126.22 499.422 113.328 13.7148 0 0 0 
0 0 0 296.777 568.094 988.906 1149.89 1107.04 893.602 331.281 93.8203 10.9023 0 0 
0 0 0 109.23 343.129 368.266 500.305 973.152 1008.56 822.121 193.234 131.359 0 0 
0 0 0 30.3086 152.617 137.414 310.645 553.258 926.289 931.125 316.602 198.711 0 0 
0 0 136.508 401.168 518.598 670.789 725.246 752.445 897.168 861.516 392.273 98.1328 0 0 
0 0 189.539 526.742 802.434 804.449 871.477 880.531 720.488 583.809 217.527 0 0 0 
0 0 0 366.863 634.016 592.023 474.031 377.234 273.367 7.98047 0 0 0 0 
pooling kernel a input data
0 0 0 0 0 0 0 0 0 0 
921.297 1423.39 803.855 0 0 0 0 0 0 0 
640.191 1033.44 486.621 0 0 0 0 0 0 0 
0 0 0 0 195.512 0 0 0 0 0 
0 0 0 0 0 0 0 0 0 66.5469 
0 0 0 0 0 0 0 0 0 132.48 
539.086 1293.68 1572.83 1013.76 233.453 0 0 0 0 0 
276.09 952.488 1449.72 1113.04 739.434 115.254 0 0 0 0 
0 0 0 0 0 0 0 0 0 0 
0 0 0 0 0 0 0 0 0 0 

pooling kernel a output data
1423.39 803.855 0 0 0 
1033.44 486.621 195.512 0 0 
0 0 0 0 132.48 
1293.68 1572.83 739.434 0 0 
0 0 0 0 0 
pooling kernel a input data
0 0 0 0 0 0 0 0 0 0 
0 0 0 0 0 0 0 0 0 0 
193.805 459.988 394.941 272.004 339.457 0 0 0 0 68.1445 
182.547 312.598 0 65.0156 453.453 273.836 0 0 0 339.992 
0 0 0 649.082 963.996 161.426 0 0 350.84 509.074 
0 0 0 0 0 0 0 362.371 843.117 671.625 
0 0 0 0 0 0 0 42.5625 431.547 297.082 
0 124.008 249.641 229.805 0 35.207 115.648 157.137 0 0 
0 389.523 806.57 1235.78 1682.82 1770.53 1341.59 113.742 0 0 
0 106.066 288.57 140.977 0 0 0 0 0 0 

pooling kernel a output data
0 0 0 0 0 
459.988 394.941 453.453 0 339.992 
0 649.082 963.996 362.371 843.117 
124.008 249.641 35.207 157.137 431.547 
389.523 1235.78 1770.53 1341.59 0 
pooling kernel a input data
0 0 0 0 174.547 1066.54 404.203 0 0 0 
0 0 0 0 183.91 1677.83 375.371 0 0 0 
0 0 0 0 304.469 2013.9 512.77 0 0 0 
0 0 0 0 405.625 2115.62 652.488 0 0 0 
0 0 0 0 167.992 1681.91 853.324 0 0.3125 443.047 
0 0 0 0 0 1346.76 1109.92 26.7188 219.465 510.672 
0 0 0 0 0 411.164 971.215 326.719 175.973 326.938 
0 0 0 0 0 0 975.559 701.152 0 0 
0 0 0 0 0 0 792.504 1112.01 0 0 
0 0 0 0 0 0 301.387 492.816 0 0 

pooling kernel a output data
0 0 1677.83 404.203 0 
0 0 2115.62 652.488 0 
0 0 1681.91 1109.92 510.672 
0 0 411.164 975.559 326.938 
0 0 0 1112.01 0 
pooling kernel a input data
0 118.012 181.195 362.387 918.414 758.973 40.9453 0 0 0 
0 0 0 0 545.32 1471.98 962.629 227.074 0 0 
0 0 0 0 0 1021.71 1255.89 694.484 42.0234 0 
89.9297 0 0 0 0 162.203 315.41 320.52 129.516 102.008 
243.926 410.117 624.355 0 0 0 0 124.738 223.176 596.758 
0 0 676.047 192.719 0 519.895 476.191 162.098 345.996 879.266 
0 0 0 0 0 1206.63 1775.83 1220.87 470.957 618.145 
0 0 0 0 0 446.371 2085.45 2079.03 919.117 323.355 
279.867 56.8398 0 0 0 0 0 1404.29 1238.02 297.648 
226.691 234.113 51.9375 78.7852 0 0 0 0 693.836 401.68 

pooling kernel a output data
118.012 362.387 1471.98 962.629 0 
89.9297 0 1021.71 1255.89 129.516 
410.117 676.047 519.895 476.191 879.266 
0 0 1206.63 2085.45 919.117 
279.867 78.7852 0 1404.29 1238.02 
pooling kernel a input data
0 0 0 0 0 0 0 0 0 0 
0 0 0 0 0 0 0 0 0 0 
0 92.3711 254.625 2.28906 309.809 638.129 142.668 31.0234 0 92.3828 
70.5195 756.207 1373.64 1000.59 1047.98 1238.47 388.859 312.227 234.879 643.02 
0 0 0 0 189.707 1233.67 945.086 919.094 1002.44 1186.2 
0 0 0 0 0 0 0 702.742 1310.32 1360.43 
0 0 0 0 0 0 0 0 0 213.781 
19.2773 411.84 999.75 1068.77 1407.88 1017.66 0 0 0 0 
93.6836 462.422 691.5 399.375 0 0 0 0 0 0 
0 0 0 0 0 0 0 0 0 0 

pooling kernel a output data
0 0 0 0 0 
756.207 1373.64 1238.47 388.859 643.02 
0 0 1233.67 945.086 1360.43 
411.84 1068.77 1407.88 0 213.781 
462.422 691.5 0 0 0 
pooling kernel a input data
0 0 0 0 128.035 378.121 354.871 349.426 176.559 51.7109 
0 0 153.648 338.758 0 0 0 58.5625 0 0 
116.18 731.617 402.234 0 0 0 0 0 0 24.9531 
163.68 157.824 0 0 0 0 0 0 0 167.484 
0 0 0 0 0 543.059 845.391 285.391 0 111.973 
0 0 0 0 778.375 1522.83 1155.34 250.078 54.1367 265.445 
0 0 0 528.871 403.027 0 0 0 151.527 726.75 
0 163.527 461.816 0 0 0 0 0 182.949 975.414 
0 0 0 0 0 0 0 53.1211 987.539 866.488 
0 0 0 0 0 0 806.996 1487.89 1165.04 180.535 

pooling kernel a output data
0 338.758 378.121 354.871 176.559 
731.617 402.234 0 0 167.484 
0 0 1522.83 1155.34 265.445 
163.527 528.871 403.027 0 975.414 
0 0 0 1487.89 1165.04 
pooling kernel a input data
0 0 0 0 0 0 239.258 537.422 399.18 94.3203 
0 0 0 0 0 0 0 0 155.781 90.4336 
0 0 0 0 0 0 0 0 0 10.5352 
326.73 693.422 868.078 739.543 0 0 0 0 0 16.4766 
226.164 332.02 326.008 353.543 27.7148 0 0 0 0 31.3086 
0 0 0 0 0 0 0 0 112.84 154.125 
79.4297 0 0 0 0 0 0 0 295.824 479.406 
0 0 0 0 0 0 0 0 0 474.258 
0 250.336 413.906 459.434 339.988 0 0 0 0 0 
23.918 158.09 62.5156 293.473 338.297 7.69531 0 0 0 0 

pooling kernel a output data
0 0 0 537.422 399.18 
693.422 868.078 0 0 16.4766 
332.02 353.543 27.7148 0 154.125 
79.4297 0 0 0 479.406 
250.336 459.434 339.988 0 0 
pooling kernel a input data
0 44.8516 0 0 0 0 0 0 0 30.4844 
0 268.008 0 0 0 22.6445 0 0 0 0 
20.5703 366.711 0 0 0 24.5195 0 0 0 0.886719 
0 0 0 0 0 0 0 0 0 0 
0 0 0 0 0 842.711 76.5469 0 0 0 
0 0 78.3984 0 628.285 1530.91 579.5 0 0 0 
0 0 58.1133 0 0 323.828 273.98 0 0 0 
0 0 0 0 0 0 0 0 0 0 
0 0 0 0 0 0 111.105 0 0 0 
0 100.84 167.801 54.2969 0 0 70.7734 135.117 0 0 

pooling kernel a output data
268.008 0 22.6445 0 30.4844 
366.711 0 24.5195 0 0.886719 
0 78.3984 1530.91 579.5 0 
0 58.1133 323.828 273.98 0 
100.84 167.801 0 135.117 0 
pooling kernel a input data
8.64063 0 0 0 0 0 0 0 0 0 
325.012 326.176 1504.08 1342.7 0 0 0 0 0 0 
256.453 62.8555 1120.49 516.102 0 0 0 0 0 0 
0 0 520.566 0 0 0 0 0 0 0 
38.7266 0 0 0 0 0 0 0 0 0 
245.285 0 0 0 0 0 0 0 0 0 
382.41 272.156 920.246 898.504 86.0664 0 0 0 0 0 
306.414 142.266 138.051 82.2109 0 0 0 0 0 0 
0 0 0 0 0 0 0 0 0 0 
2.80469 0 0 0 0 0 0 0 63.793 158.883 

pooling kernel a output data
326.176 1504.08 0 0 0 
256.453 1120.49 0 0 0 
245.285 0 0 0 0 
382.41 920.246 86.0664 0 0 
2.80469 0 0 0 158.883 
pooling kernel a input data
1039.58 1244.74 1175.89 1025.73 766.063 452.402 401.844 126.047 0 0 
370.793 227.086 196.953 629.152 743.492 735.547 919.262 720.949 197.77 21.5039 
0 0 0 0 0 0 50.457 429.32 174.906 39.3281 
0 0 0 0 0 0 0 0 0 0 
0 0 0 0 0 0 0 0 0 0 
822.379 1160.26 1107.1 818.777 70.7461 0 0 0 0 0 
354.375 203.324 80.8789 241.051 237.266 109.051 40.4648 0 0 0 
0 0 0 0 0 0 0 0 222.473 205.543 
0 0 0 0 0 0 0 161.402 944.813 873.234 
642.328 797.719 645.898 593.512 693.875 424.801 128.922 247.766 694.023 730.461 

pooling kernel a output data
1244.74 1175.89 766.063 919.262 197.77 
0 0 0 429.32 174.906 
1160.26 1107.1 70.7461 0 0 
354.375 241.051 237.266 40.4648 222.473 
797.719 645.898 693.875 247.766 944.813 
pooling kernel a input data
0 0 326.129 885.309 964.051 275.543 0 0 44.957 23.1172 
0 0 0 0 0 0 0 0 0 0.4375 
0 0 0 0 0 0 0 0 0 0 
121.559 0 0 0 0 0 0 0 0 0 
378.359 677.152 723.145 166.043 0 0 0 0 0 0 
0 33.418 644.801 1092.61 921.672 437.777 0 0 0 0 
0 0 0 0 0 0 0 0 0 0 
0 0 0 0 0 0 0 0 0 0 
497.035 204.664 0 0 0 0 0 0 0 0 
473.375 491.367 357.715 427.555 333.781 0 0 0 0 0 

pooling kernel a output data
0 885.309 964.051 0 44.957 
121.559 0 0 0 0 
677.152 1092.61 921.672 0 0 
0 0 0 0 0 
497.035 427.555 333.781 0 0 
pooling kernel a input data
0 511.332 1244.25 1210.81 514.602 18.6914 0 0 0 0 
592.172 1184.61 902.75 148.738 0 0 0 0 0 0 
0 14.8398 0 0 0 0 0 0 0 0 
0 0 0 0 0 0 0 0 0 0 
0 0 0 0 0 0 0 0 0 0 
0 64.2344 546.664 856.145 465.582 0 0 0 0 0 
273.578 1006.5 1057.07 521.668 53.4375 0 0 0 0 0 
0 0 0 0 0 0 0 0 0 0 
0 0 0 0 0 0 156.617 468.488 195.254 0 
0 0 0 204.113 747.43 1194.93 1354.17 863.043 118.641 0 

pooling kernel a output data
1184.61 1244.25 514.602 0 0 
14.8398 0 0 0 0 
64.2344 856.145 465.582 0 0 
1006.5 1057.07 53.4375 0 0 
0 204.113 1194.93 1354.17 195.254 
pooling kernel a input data
0 0 0 0 0 0 0 0 31.0078 81.9258 
0 0 0 0 0 0 0 0 179.586 110.297 
25.2617 0 0 306.652 0 0 0 92.043 319.234 143.602 
576.609 463.535 396.164 730.73 0 0 0 205.566 313.93 96.1445 
553.551 151.156 0 0 0 0 0 289.039 48.1016 0 
210.145 0 0 0 0 0 0 221.719 0 0 
0 0 0 0 0 0 0 0 0 0 
438.617 214.199 0 0 0 0 0 0 0 0 
787.961 439.801 0 0 0 0 0 0 0 438.93 
310.691 0 0 0 0 0 0 0 16.7422 782.684 

pooling kernel a output data
0 0 0 0 179.586 
576.609 730.73 0 205.566 319.234 
553.551 0 0 289.039 48.1016 
438.617 0 0 0 0 
787.961 0 0 0 782.684 
pooling kernel a input data
0 0 0 0 0 0 90.1641 179.066 225.633 99.4648 
0 0 0 0 0 0 65.5547 207.625 193.453 92.9141 
0 0 0 29.9727 0 0 300.438 387.047 59.0391 12 
0 0 192.785 0 0 0 1066.82 645.918 45.7695 19.2734 
109.699 54.293 93.2539 0 0 0 1232.59 805.801 206.191 67.7422 
154.227 0 0 0 0 255.645 1159.36 541.695 42.6016 64.9531 
0 0 0 0 0 282.266 147.73 0 0 0 
0 0 0 0 0 0 0 0 0 0 
0 0 0 0 0 0 0 0 0 0 
44.5 0 0 0 0 0 0 0 520.457 422.277 

pooling kernel a output data
0 0 0 207.625 225.633 
0 192.785 0 1066.82 59.0391 
154.227 93.2539 255.645 1232.59 206.191 
0 0 282.266 147.73 0 
44.5 0 0 0 520.457 
pooling kernel a input data
539.277 0 0 0 0 0 0 0 0 0 
0 0 0 0 0 0 0 0 0 0 
0 0 0 0 0 0 0 0 0 0 
0 154.848 938.031 780.688 0 0 0 0 0 0 
238.32 837.832 868.887 0 0 0 0 0 0 0 
476.566 291.305 0 0 0 0 0 0 0 0 
151.633 0 0 0 0 0 0 0 0 0 
0 0 0 0 0 0 0 0 0 0 
0 304.492 338.469 0 0 0 0 0 0 0 
666.121 564.867 0 0 0 0 0 0 0 0 

pooling kernel a output data
539.277 0 0 0 0 
154.848 938.031 0 0 0 
837.832 868.887 0 0 0 
151.633 0 0 0 0 
666.121 338.469 0 0 0 
pooling kernel a input data
12.9102 373.234 76.8086 0 0 0 0 0 0 0 
0 0 0 0 0 0 0 0 0 0 
0 0 0 0 0 0 0 0 0 0 
0 0 0 105.383 574.172 204.676 0 0 0 0 
22.5313 505.691 638.039 487.348 350.102 0 0 0 0 0.121094 
0 152.598 0 0 0 0 0 0 0 0 
0 0 0 0 0 0 0 0 0 0 
0 0 0 0 0 0 0 0 0 0 
0 93.6328 371.523 229.953 0 0 0 0 0 0 
17.1172 711.23 915.355 8.1875 0 0 0 0 0 0 

pooling kernel a output data
373.234 76.8086 0 0 0 
0 105.383 574.172 0 0 
505.691 638.039 350.102 0 0.121094 
0 0 0 0 0 
711.23 915.355 0 0 0 
