-1 -1 -1 -1 -1 -1 -1 -1 -1 -1 -1 -1 -1 -1 -1 -1 -1 -1 -1 -1 -1 -1 -1 -1 -1 -1 -1 -1 -1 -1 -1 -1 
-1 -1 -1 -1 -1 -1 -1 -1 -1 -1 -1 -1 -1 -1 -1 -1 -1 -1 -1 -1 -1 -1 -1 -1 -1 -1 -1 -1 -1 -1 -1 -1 
-1 -1 -1 -1 -1 -1 -1 -1 -1 -1 -1 -1 -1 -1 -1 -1 -1 -1 -1 -1 -1 -1 -1 -1 -1 -1 -1 -1 -1 -1 -1 -1 
-1 -1 -1 -1 -1 -1 -1 -1 -1 -1 -1 -1 -1 -0.898039 -0.443137 -0.482353 -0.937255 -1 -1 -1 -1 -1 -1 -1 -1 -1 -1 -1 -1 -1 -1 -1 
-1 -1 -1 -1 -1 -1 -1 -1 -1 -1 -1 -1 -0.913725 0.192157 1 0.796078 -0.788235 -1 -1 -1 -1 -1 -1 -1 -1 -1 -1 -1 -1 -1 -1 -1 
-1 -1 -1 -1 -1 -1 -1 -1 -1 -1 -1 -0.913725 0.192157 1 0.992157 0.0823529 -0.945098 -1 -1 -1 -1 -0.137255 0.145098 -0.905882 -1 -1 -1 -1 -1 -1 -1 -1 
-1 -1 -1 -1 -1 -1 -1 -1 -1 -1 -0.913725 0.184314 1 0.992157 0.0823529 -0.937255 -1 -1 -1 -1 -0.72549 0.741176 0.764706 -0.85098 -1 -1 -1 -1 -1 -1 -1 -1 
-1 -1 -1 -1 -1 -1 -1 -1 -1 -0.905882 0.184314 1 0.992157 0.0901961 -0.937255 -1 -1 -1 -1 -1 -0.427451 1 0.615686 -0.87451 -1 -1 -1 -1 -1 -1 -1 -1 
-1 -1 -1 -1 -1 -1 -1 -1 -0.968627 0.145098 1 0.905882 0.0901961 -0.945098 -1 -1 -1 -1 -1 -0.74902 0.584314 1 -0.145098 -1 -1 -1 -1 -1 -1 -1 -1 -1 
-1 -1 -1 -1 -1 -1 -1 -1 -0.498039 0.866667 0.968627 -0.32549 -0.960784 -1 -1 -1 -1 -1 -1 -0.027451 1 0.317647 -0.866667 -1 -1 -1 -1 -1 -1 -1 -1 -1 
-1 -1 -1 -1 -1 -1 -1 -0.521569 0.72549 1 0.121569 -0.937255 -1 -1 -1 -1 -1 -1 -0.945098 0.560784 0.87451 -0.552941 -1 -1 -1 -1 -1 -1 -1 -1 -1 -1 
-1 -1 -1 -1 -1 -1 -0.780392 0.678431 1 0.701961 -0.74902 -1 -1 -1 -1 -1 -1 -1 -0.482353 0.929412 0.521569 -0.960784 -1 -1 -1 -1 -1 -1 -1 -1 -1 -1 
-1 -1 -1 -1 -1 -1 -0.0666667 1 0.733333 -0.521569 -1 -1 -1 -1 -1 -1 -1 -1 -0.0745098 1 -0.137255 -1 -1 -1 -1 -1 -1 -1 -1 -1 -1 -1 
-1 -1 -1 -1 -1 -0.772549 0.678431 1 -0.0823529 -1 -1 -1 -1 -1 -1 -1 -1 -0.921569 0.6 0.905882 -0.545098 -1 -1 -1 -1 -1 -1 -1 -1 -1 -1 -1 
-1 -1 -1 -1 -1 -0.0745098 1 0.301961 -0.898039 -1 -1 -1 -1 -1 -1 -1 -1 -0.811765 0.717647 0.490196 -0.960784 -1 -1 -1 -1 -1 -1 -1 -1 -1 -1 -1 
-1 -1 -1 -1 -0.654902 0.686275 1 -0.176471 -1 -1 -1 -1 -1 -1 -1 -1 -1 -0.145098 0.992157 -0.0823529 -1 -1 -1 -1 -1 -1 -1 -1 -1 -1 -1 -1 
-1 -1 -1 -0.992157 0.32549 1 0.764706 -0.631373 -0.866667 -0.85098 -0.858824 -0.992157 -1 -1 -1 -1 -0.835294 0.639216 0.913725 -0.615686 -1 -1 -1 -1 -1 -1 -1 -1 -1 -1 -1 -1 
-1 -1 -1 -0.992157 0.458824 1 0.992157 0.764706 0.741176 0.741176 0.694118 0.027451 -0.2 -0.192157 -0.192157 -0.207843 0.254902 1 0.686275 -0.121569 -0.192157 -0.176471 -0.615686 -0.921569 -0.952941 -1 -1 -1 -1 -1 -1 -1 
-1 -1 -1 -0.992157 -0.0666667 0.333333 0.309804 0.32549 0.32549 0.356863 0.858824 0.992157 0.984314 0.984314 0.984314 0.984314 0.984314 1 0.968627 0.984314 0.984314 1 0.819608 0.678431 -0.121569 -1 -1 -1 -1 -1 -1 -1 
-1 -1 -1 -1 -1 -1 -1 -1 -1 -0.992157 -0.615686 -0.513726 -0.521569 -0.521569 -0.529412 -0.482353 0.435294 0.968627 -0.223529 -0.545098 -0.529412 0.0980392 0.458824 0.47451 -0.231373 -1 -1 -1 -1 -1 -1 -1 
-1 -1 -1 -1 -1 -1 -1 -1 -1 -1 -1 -1 -1 -1 -1 -0.827451 0.772549 0.756863 -0.741176 -1 -1 -1 -0.992157 -0.992157 -0.992157 -1 -1 -1 -1 -1 -1 -1 
-1 -1 -1 -1 -1 -1 -1 -1 -1 -1 -1 -1 -1 -1 -1 -0.239216 0.992157 0.223529 -1 -1 -1 -1 -1 -1 -1 -1 -1 -1 -1 -1 -1 -1 
-1 -1 -1 -1 -1 -1 -1 -1 -1 -1 -1 -1 -1 -1 -0.992157 0.2 0.984314 -0.341176 -1 -1 -1 -1 -1 -1 -1 -1 -1 -1 -1 -1 -1 -1 
-1 -1 -1 -1 -1 -1 -1 -1 -1 -1 -1 -1 -1 -1 -0.631373 0.843137 0.443137 -0.898039 -1 -1 -1 -1 -1 -1 -1 -1 -1 -1 -1 -1 -1 -1 
-1 -1 -1 -1 -1 -1 -1 -1 -1 -1 -1 -1 -1 -1 0.0823529 1 -0.0117647 -1 -1 -1 -1 -1 -1 -1 -1 -1 -1 -1 -1 -1 -1 -1 
-1 -1 -1 -1 -1 -1 -1 -1 -1 -1 -1 -1 -1 -0.858824 0.498039 0.866667 -0.654902 -1 -1 -1 -1 -1 -1 -1 -1 -1 -1 -1 -1 -1 -1 -1 
-1 -1 -1 -1 -1 -1 -1 -1 -1 -1 -1 -1 -1 -0.592157 0.945098 0.490196 -0.882353 -1 -1 -1 -1 -1 -1 -1 -1 -1 -1 -1 -1 -1 -1 -1 
-1 -1 -1 -1 -1 -1 -1 -1 -1 -1 -1 -1 -1 0.113725 1 -0.0509804 -1 -1 -1 -1 -1 -1 -1 -1 -1 -1 -1 -1 -1 -1 -1 -1 
-1 -1 -1 -1 -1 -1 -1 -1 -1 -1 -1 -1 -1 0.0117647 0.584314 -0.286275 -1 -1 -1 -1 -1 -1 -1 -1 -1 -1 -1 -1 -1 -1 -1 -1 
-1 -1 -1 -1 -1 -1 -1 -1 -1 -1 -1 -1 -1 -0.976471 -0.952941 -0.984314 -1 -1 -1 -1 -1 -1 -1 -1 -1 -1 -1 -1 -1 -1 -1 -1 
-1 -1 -1 -1 -1 -1 -1 -1 -1 -1 -1 -1 -1 -1 -1 -1 -1 -1 -1 -1 -1 -1 -1 -1 -1 -1 -1 -1 -1 -1 -1 -1 
-1 -1 -1 -1 -1 -1 -1 -1 -1 -1 -1 -1 -1 -1 -1 -1 -1 -1 -1 -1 -1 -1 -1 -1 -1 -1 -1 -1 -1 -1 -1 -1 

