0.534892 0.534892 0.534892 0.534892 0.534892 0.534892 0.534892 0.534892 0.553836 0.768141 0.937127 0.974725 0.963354 0.941952 0.870779 0.758443 0.564772 0.534892 0.534892 0.534892 0.534892 0.534892 0.534892 0.534892 0.534892 0.534892 0.534892 0.534892 
0.534892 0.534892 0.534892 0.534892 0.534892 0.534892 0.534892 0.553836 0.766881 0.947024 0.97651 0.97188 0.932835 0.898745 0.733664 0.569273 0.527639 0.699451 0.840388 0.841725 0.796357 0.757971 0.695216 0.549171 0.534892 0.534892 0.534892 0.534892 
0.534892 0.534892 0.534892 0.534892 0.534892 0.534892 0.553836 0.765871 0.94737 0.960038 0.813119 0.0743029 0.0524561 0.24937 0.221464 0.210231 0.564928 0.884126 0.955951 0.933737 0.909549 0.841396 0.738959 0.554603 0.534892 0.534892 0.534892 0.534892 
0.534892 0.534892 0.534892 0.534892 0.534892 0.555531 0.766877 0.947441 0.960661 0.701348 -0.762148 -0.949133 -0.770227 0.00794627 0.432104 0.529732 0.686969 0.883265 0.866641 0.791505 0.841319 0.7447 0.568582 0.535782 0.534892 0.534892 0.534892 0.534892 
0.534892 0.534892 0.534892 0.534892 0.541845 0.754143 0.94419 0.957072 0.681356 -0.850763 -0.987039 -0.9803 -0.517456 0.674727 0.891791 0.819088 0.841366 0.779226 -0.00256627 0.0652724 0.674248 0.547254 0.380372 0.512426 0.534892 0.534892 0.534892 0.534892 
0.534892 0.534892 0.534892 0.534892 0.640936 0.908903 0.935066 0.50629 -0.908441 -0.99042 -0.984665 -0.762111 0.586505 0.884971 0.883592 0.83084 0.905479 0.1246 -0.902561 -0.581511 0.541379 0.717544 0.543823 0.535825 0.534892 0.534892 0.534892 0.534892 
0.534892 0.534892 0.534892 0.632927 0.878852 0.939392 0.585874 -0.889437 -0.984743 -0.981646 -0.711958 0.611091 0.88495 0.883865 0.695191 0.837034 0.751089 -0.810052 -0.974495 -0.575853 0.594854 0.831322 0.7202 0.560835 0.534892 0.534892 0.534892 0.534892 
0.534892 0.534892 0.582018 0.85717 0.95562 0.816854 -0.745156 -0.966296 -0.95162 -0.545114 0.627786 0.901113 0.88514 0.686851 0.653863 0.83514 0.0258352 -0.956133 -0.916868 -0.109359 0.750832 0.868501 0.755155 0.552862 0.534892 0.534892 0.534892 0.534892 
0.534892 0.534892 0.731147 0.927256 0.843723 -0.51479 -0.976266 -0.943675 -0.506846 0.63146 0.876054 0.875264 0.685058 0.542815 0.747248 0.650454 -0.807102 -0.956872 -0.502087 0.632949 0.859183 0.850078 0.651574 0.534892 0.534892 0.534892 0.534892 0.534892 
0.534892 0.583634 0.859834 0.838107 -0.211698 -0.973422 -0.965399 -0.696191 0.542273 0.850202 0.839634 0.635289 0.540561 0.552137 0.796679 0.140187 -0.936413 -0.842307 0.411467 0.850942 0.850977 0.727862 0.553968 0.534892 0.534892 0.534892 0.534892 0.534892 
0.534892 0.730721 0.881888 0.142779 -0.951762 -0.978595 -0.810711 0.394065 0.823846 0.874321 0.695707 0.543939 0.534892 0.585671 0.734716 -0.611772 -0.953867 -0.56615 0.699894 0.875286 0.768216 0.597987 0.534892 0.534892 0.534892 0.534892 0.534892 0.534892 
0.607326 0.868584 0.761071 -0.773884 -0.971336 -0.860247 0.285071 0.813968 0.890527 0.781886 0.570332 0.534892 0.534892 0.702166 0.568517 -0.861782 -0.92931 0.0684569 0.80844 0.862528 0.701486 0.540561 0.534892 0.534892 0.534892 0.534892 0.534892 0.534892 
0.793401 0.905043 0.242983 -0.916921 -0.86313 0.119469 0.840177 0.904708 0.841943 0.635745 0.557055 0.536094 0.570575 0.841915 0.362124 -0.912842 -0.762135 0.536289 0.873229 0.806319 0.657782 0.534892 0.534892 0.534892 0.534892 0.534892 0.534892 0.534892 
0.829116 0.631126 -0.601087 -0.811424 0.59838 0.98496 0.997563 0.996513 0.98632 0.965595 0.951611 0.931861 0.946474 0.965788 0.252514 -0.786222 0.203931 0.93512 0.972933 0.935588 0.815907 0.702388 0.607775 0.552046 0.54207 0.534892 0.534892 0.534892 
0.501927 -0.656565 -0.962579 -0.789515 0.737983 0.98677 0.994994 0.993423 0.993326 0.994686 0.995993 0.996643 0.996904 0.981538 0.218343 0.0588496 0.944346 0.995814 0.998357 0.997007 0.989636 0.965312 0.903147 0.797815 0.654828 0.534892 0.534892 0.534892 
-0.370801 -0.984129 -0.998058 -0.98947 -0.864875 -0.545291 -0.531615 -0.593401 -0.297392 0.0342368 0.184229 0.340621 0.43905 -0.403827 -0.948601 -0.823231 0.272753 0.890505 0.932212 0.940396 0.924648 0.882084 0.833735 0.724832 0.613943 0.534892 0.534892 0.534892 
-0.65178 -0.984013 -0.996359 -0.981528 -0.924149 -0.894485 -0.965336 -0.981663 -0.975306 -0.972196 -0.979833 -0.980804 -0.949913 -0.979553 -0.99461 -0.981177 -0.894423 -0.75294 -0.896878 -0.917733 -0.850179 -0.583072 -0.0841317 0.141966 0.369239 0.534892 0.534892 0.534892 
-0.272992 -0.814366 -0.907358 -0.774624 -0.450429 -0.332237 -0.632558 -0.749459 -0.764127 -0.749139 -0.840906 -0.829194 -0.68146 -0.90658 -0.95153 -0.848213 -0.721264 -0.871443 -0.940711 -0.954007 -0.859572 -0.331478 0.205698 0.364322 0.458282 0.534892 0.534892 0.534892 
0.256329 0.0105681 -0.117986 0.138611 0.428311 0.474446 0.186024 -0.0968129 -0.194339 -0.0441442 0.126072 0.538128 0.342253 -0.70654 -0.662914 0.112388 0.115684 -0.282672 -0.410987 -0.454323 0.0768602 0.773347 0.897264 0.859731 0.672604 0.534892 0.534892 0.534892 
0.534892 0.534892 0.534892 0.534892 0.534892 0.532886 0.428925 0.360527 0.321154 0.419486 0.589453 0.814299 -0.134464 -0.938301 -0.626427 0.545869 0.78894 0.529215 0.21271 0.0277871 0.420421 0.782219 0.86008 0.816464 0.637358 0.534892 0.534892 0.534892 
0.534892 0.534892 0.534892 0.534892 0.534892 0.534892 0.534892 0.534892 0.534892 0.534892 0.763238 0.794229 -0.727668 -0.939226 -0.279186 0.750659 0.865223 0.74604 0.569514 0.532232 0.531664 0.535487 0.537274 0.537837 0.536029 0.534892 0.534892 0.534892 
0.534892 0.534892 0.534892 0.534892 0.534892 0.534892 0.534892 0.534892 0.534892 0.565602 0.827655 0.391737 -0.908047 -0.866136 0.310124 0.829308 0.842621 0.69643 0.534892 0.534892 0.534892 0.534892 0.534892 0.534892 0.534892 0.534892 0.534892 0.534892 
0.534892 0.534892 0.534892 0.534892 0.534892 0.534892 0.534892 0.534892 0.534892 0.636254 0.788054 -0.384884 -0.945621 -0.559785 0.592175 0.862877 0.799633 0.627002 0.534892 0.534892 0.534892 0.534892 0.534892 0.534892 0.534892 0.534892 0.534892 0.534892 
0.534892 0.534892 0.534892 0.534892 0.534892 0.534892 0.534892 0.534892 0.534892 0.749607 0.639682 -0.83291 -0.904247 0.0478638 0.808496 0.853236 0.716631 0.54953 0.534892 0.534892 0.534892 0.534892 0.534892 0.534892 0.534892 0.534892 0.534892 0.534892 
0.534892 0.534892 0.534892 0.534892 0.534892 0.534892 0.534892 0.534892 0.534892 0.728929 -0.195529 -0.949929 -0.844138 0.460656 0.855762 0.840605 0.659719 0.534892 0.534892 0.534892 0.534892 0.534892 0.534892 0.534892 0.534892 0.534892 0.534892 0.534892 
0.534892 0.534892 0.534892 0.534892 0.534892 0.534892 0.534892 0.534892 0.534892 0.183945 -0.94344 -0.993513 -0.881008 0.231693 0.776917 0.737516 0.58728 0.534892 0.534892 0.534892 0.534892 0.534892 0.534892 0.534892 0.534892 0.534892 0.534892 0.534892 
0.534892 0.534892 0.534892 0.534892 0.534892 0.534892 0.534892 0.534892 0.534892 -0.325589 -0.978765 -0.985148 -0.667382 0.614674 0.836875 0.686616 0.551753 0.534892 0.534892 0.534892 0.534892 0.534892 0.534892 0.534892 0.534892 0.534892 0.534892 0.534892 
0.534892 0.534892 0.534892 0.534892 0.534892 0.534892 0.534892 0.534892 0.534892 -0.188739 -0.847866 -0.76478 0.293066 0.881263 0.880674 0.677922 0.534892 0.534892 0.534892 0.534892 0.534892 0.534892 0.534892 0.534892 0.534892 0.534892 0.534892 0.534892 

-0.328423 -0.328423 -0.328423 -0.328423 -0.328423 -0.328423 -0.328423 -0.328423 -0.307557 0.0132751 0.535381 0.818268 0.840013 0.501767 -0.336278 -0.679119 -0.384952 -0.328423 -0.328423 -0.328423 -0.328423 -0.328423 -0.328423 -0.328423 -0.328423 -0.328423 -0.328423 -0.328423 
-0.328423 -0.328423 -0.328423 -0.328423 -0.328423 -0.328423 -0.328423 -0.307557 0.0112159 0.597925 0.932119 0.990084 0.987535 0.870166 -0.239025 -0.622037 -0.356485 -0.108483 0.167099 0.11731 0.0807015 -0.334669 -0.585808 -0.353825 -0.328423 -0.328423 -0.328423 -0.328423 
-0.328423 -0.328423 -0.328423 -0.328423 -0.328423 -0.328423 -0.307557 0.00910569 0.595377 0.940853 0.993235 0.996585 0.975604 0.383325 -0.796995 -0.709902 -0.316178 0.295775 0.768519 0.863175 0.824726 -0.0835538 -0.676451 -0.368554 -0.328423 -0.328423 -0.328423 -0.328423 
-0.328423 -0.328423 -0.328423 -0.328423 -0.328423 -0.305645 0.0109384 0.595686 0.940973 0.991771 0.993846 0.937804 -0.0939951 -0.901884 -0.921263 -0.76471 -0.206194 0.642912 0.947064 0.986342 0.962792 -0.296812 -0.780326 -0.38134 -0.328423 -0.328423 -0.328423 -0.328423 
-0.328423 -0.328423 -0.328423 -0.328423 -0.320871 -0.0132458 0.583451 0.93609 0.991696 0.992266 0.843831 -0.797475 -0.987254 -0.984582 -0.905448 -0.639676 0.211923 0.836438 0.972322 0.991877 0.863194 -0.793582 -0.834401 -0.37315 -0.328423 -0.328423 -0.328423 -0.328423 
-0.328423 -0.328423 -0.328423 -0.328423 -0.199174 0.423163 0.908342 0.98512 0.99285 0.821362 -0.851629 -0.989295 -0.991885 -0.943313 -0.724068 -0.218489 0.633892 0.904629 0.963908 0.9291 -0.265309 -0.946266 -0.85323 -0.3883 -0.328423 -0.328423 -0.328423 -0.328423 
-0.328423 -0.328423 -0.328423 -0.209189 0.296059 0.846016 0.973503 0.98896 0.826211 -0.882722 -0.993553 -0.991804 -0.943534 -0.724843 -0.463969 0.239289 0.840539 0.927286 0.935476 0.0418648 -0.951236 -0.95817 -0.800375 -0.366803 -0.328423 -0.328423 -0.328423 -0.328423 
-0.328423 -0.328423 -0.274725 0.221004 0.790818 0.972101 0.989646 0.900909 -0.672906 -0.994703 -0.991961 -0.92977 -0.722946 -0.475359 -0.201176 0.55301 0.890418 0.942933 0.765788 -0.882532 -0.986459 -0.908484 -0.644716 -0.345083 -0.328423 -0.328423 -0.328423 -0.328423 
-0.328423 -0.328423 -0.0610078 0.646817 0.953964 0.989717 0.969467 -0.187443 -0.980385 -0.991499 -0.938725 -0.68157 -0.472969 -0.335738 -0.0166289 0.708455 0.876903 0.911688 0.187078 -0.975541 -0.973143 -0.772645 -0.455615 -0.328423 -0.328423 -0.328423 -0.328423 -0.328423 
-0.328423 -0.272772 0.305886 0.87983 0.976591 0.987237 0.412611 -0.948907 -0.989606 -0.947278 -0.734037 -0.425848 -0.333652 -0.309466 0.28467 0.782646 0.875827 0.862236 -0.516639 -0.982217 -0.92289 -0.558487 -0.346117 -0.328423 -0.328423 -0.328423 -0.328423 -0.328423 
-0.328423 -0.0620843 0.667105 0.922007 0.973771 0.810462 -0.850712 -0.991372 -0.968117 -0.814972 -0.504279 -0.336779 -0.328423 -0.273008 0.424497 0.79691 0.869869 0.786153 -0.808707 -0.974046 -0.808299 -0.392437 -0.328423 -0.328423 -0.328423 -0.328423 -0.328423 -0.328423 
-0.243226 0.332499 0.862806 0.951249 0.935932 -0.309382 -0.985851 -0.989263 -0.874709 -0.598357 -0.361529 -0.328423 -0.328423 -0.0755454 0.604039 0.76296 0.862098 0.337946 -0.948503 -0.957849 -0.677247 -0.333652 -0.328423 -0.328423 -0.328423 -0.328423 -0.328423 -0.328423 
0.0626654 0.733712 0.945334 0.975836 0.770636 -0.806866 -0.986926 -0.925844 -0.656439 -0.403081 -0.364922 -0.330559 -0.288327 0.260613 0.76527 0.836151 0.864769 -0.315014 -0.972901 -0.909614 -0.505599 -0.328423 -0.328423 -0.328423 -0.328423 -0.328423 -0.328423 -0.328423 
0.269704 0.868047 0.981836 0.993141 0.872828 -0.354619 -0.665242 -0.121539 0.22947 0.127618 -0.0822471 0.068891 0.275312 0.721518 0.885936 0.933745 0.857817 -0.484859 -0.921261 -0.741303 -0.368105 -0.451451 -0.407886 -0.340997 -0.341186 -0.328423 -0.328423 -0.328423 
0.239469 0.741309 0.964334 0.979349 0.912518 0.743586 0.918095 0.984905 0.990509 0.981667 0.9578 0.951014 0.958522 0.977698 0.982592 0.986623 0.949226 0.579671 0.473688 0.778067 0.722231 0.123499 -0.320279 -0.576174 -0.543761 -0.328423 -0.328423 -0.328423 
-0.234179 -0.168543 0.244744 0.362628 0.155027 0.373337 0.775403 0.946695 0.979083 0.982278 0.98135 0.987094 0.99362 0.995366 0.990084 0.977048 0.881999 0.749501 0.954575 0.992055 0.988481 0.911548 0.482814 -0.373161 -0.528747 -0.328423 -0.328423 -0.328423 
-0.554219 -0.809029 -0.903936 -0.921076 -0.953608 -0.929389 -0.868684 -0.645069 -0.230614 0.029326 0.0265588 0.197523 0.640607 0.813489 0.752741 0.612748 -0.380404 -0.709073 -0.00483558 0.725315 0.819127 0.679435 0.0656267 -0.563468 -0.506392 -0.328423 -0.328423 -0.328423 
-0.611389 -0.865798 -0.963727 -0.98081 -0.990686 -0.992096 -0.991769 -0.988407 -0.977967 -0.969552 -0.975036 -0.954888 -0.772043 -0.314121 0.105907 -0.376129 -0.986297 -0.994475 -0.965543 -0.880363 -0.793822 -0.814687 -0.850028 -0.823653 -0.589547 -0.328423 -0.328423 -0.328423 
-0.46715 -0.694215 -0.840605 -0.880373 -0.911357 -0.92239 -0.940789 -0.960516 -0.974707 -0.979829 -0.985008 -0.966663 -0.772168 -0.228675 0.430103 -0.773911 -0.998081 -0.998123 -0.990906 -0.988992 -0.983277 -0.962797 -0.890518 -0.746433 -0.54074 -0.328423 -0.328423 -0.328423 
-0.328423 -0.328423 -0.328423 -0.328423 -0.328423 -0.329644 -0.388924 -0.495561 -0.588319 -0.617804 -0.59119 0.0238436 0.58138 0.778319 0.733547 -0.799144 -0.984927 -0.944078 -0.844915 -0.891259 -0.894447 -0.838114 -0.69047 -0.540281 -0.42804 -0.328423 -0.328423 -0.328423 
-0.328423 -0.328423 -0.328423 -0.328423 -0.328423 -0.328423 -0.328423 -0.328423 -0.328423 -0.328423 -0.000357836 0.690839 0.858058 0.896949 0.381675 -0.937864 -0.967282 -0.753039 -0.363738 -0.33174 -0.333631 -0.332781 -0.331733 -0.32984 -0.32947 -0.328423 -0.328423 -0.328423 
-0.328423 -0.328423 -0.328423 -0.328423 -0.328423 -0.328423 -0.328423 -0.328423 -0.328423 -0.294121 0.278532 0.814268 0.886375 0.886749 -0.37773 -0.973493 -0.915623 -0.578473 -0.328423 -0.328423 -0.328423 -0.328423 -0.328423 -0.328423 -0.328423 -0.328423 -0.328423 -0.328423 
-0.328423 -0.328423 -0.328423 -0.328423 -0.328423 -0.328423 -0.328423 -0.328423 -0.328423 -0.209627 0.550848 0.85677 0.920005 0.766487 -0.851593 -0.975481 -0.83223 -0.427688 -0.328423 -0.328423 -0.328423 -0.328423 -0.328423 -0.328423 -0.328423 -0.328423 -0.328423 -0.328423 
-0.328423 -0.328423 -0.328423 -0.328423 -0.328423 -0.328423 -0.328423 -0.328423 -0.328423 0.0312725 0.695678 0.864196 0.911679 0.360693 -0.946459 -0.95562 -0.670385 -0.341975 -0.328423 -0.328423 -0.328423 -0.328423 -0.328423 -0.328423 -0.328423 -0.328423 -0.328423 -0.328423 
-0.328423 -0.328423 -0.328423 -0.328423 -0.328423 -0.328423 -0.328423 -0.328423 -0.328423 0.115061 0.692929 0.846665 0.875314 -0.233468 -0.964962 -0.925502 -0.519181 -0.328423 -0.328423 -0.328423 -0.328423 -0.328423 -0.328423 -0.328423 -0.328423 -0.328423 -0.328423 -0.328423 
-0.328423 -0.328423 -0.328423 -0.328423 -0.328423 -0.328423 -0.328423 -0.328423 -0.328423 -0.124392 0.00113448 0.320662 0.235171 -0.691402 -0.926673 -0.811358 -0.390807 -0.328423 -0.328423 -0.328423 -0.328423 -0.328423 -0.328423 -0.328423 -0.328423 -0.328423 -0.328423 -0.328423 
-0.328423 -0.328423 -0.328423 -0.328423 -0.328423 -0.328423 -0.328423 -0.328423 -0.328423 -0.385722 -0.651143 -0.768309 -0.844442 -0.924299 -0.926497 -0.715569 -0.344048 -0.328423 -0.328423 -0.328423 -0.328423 -0.328423 -0.328423 -0.328423 -0.328423 -0.328423 -0.328423 -0.328423 
-0.328423 -0.328423 -0.328423 -0.328423 -0.328423 -0.328423 -0.328423 -0.328423 -0.328423 -0.574759 -0.843673 -0.928815 -0.909715 -0.858692 -0.778068 -0.542902 -0.328423 -0.328423 -0.328423 -0.328423 -0.328423 -0.328423 -0.328423 -0.328423 -0.328423 -0.328423 -0.328423 -0.328423 

-0.356708 -0.356708 -0.356708 -0.356708 -0.356708 -0.356708 -0.356708 -0.356708 -0.360994 -0.441672 -0.608665 -0.673654 -0.762269 -0.884291 -0.899036 -0.733451 -0.407463 -0.356708 -0.356708 -0.356708 -0.356708 -0.356708 -0.356708 -0.356708 -0.356708 -0.356708 -0.356708 -0.356708 
-0.356708 -0.356708 -0.356708 -0.356708 -0.356708 -0.356708 -0.356708 -0.360994 -0.438065 -0.709331 -0.835232 -0.889673 -0.864742 -0.924297 -0.922328 -0.799685 -0.414884 -0.398864 -0.446194 -0.456981 -0.607473 -0.716888 -0.575614 -0.374914 -0.356708 -0.356708 -0.356708 -0.356708 
-0.356708 -0.356708 -0.356708 -0.356708 -0.356708 -0.356708 -0.360994 -0.437703 -0.709335 -0.824607 -0.832451 -0.681624 -0.57701 -0.802087 -0.860661 -0.782609 -0.426899 -0.624049 -0.707323 -0.604766 -0.807526 -0.898468 -0.775162 -0.400827 -0.356708 -0.356708 -0.356708 -0.356708 
-0.356708 -0.356708 -0.356708 -0.356708 -0.356708 -0.361382 -0.438009 -0.708493 -0.826391 -0.7796 -0.120683 0.567977 0.0273991 -0.674976 -0.776082 -0.633058 -0.469643 -0.754465 -0.720585 -0.42376 -0.738149 -0.9351 -0.880293 -0.424064 -0.356708 -0.356708 -0.356708 -0.356708 
-0.356708 -0.356708 -0.356708 -0.356708 -0.358268 -0.435564 -0.705273 -0.818251 -0.770288 0.0769232 0.878315 0.849177 0.0783717 -0.644405 -0.454055 -0.273904 -0.546077 -0.705282 -0.237209 0.0823072 -0.669211 -0.940043 -0.88376 -0.415266 -0.356708 -0.356708 -0.356708 -0.356708 
-0.356708 -0.356708 -0.356708 -0.356708 -0.389044 -0.678939 -0.797658 -0.648168 0.277064 0.889676 0.889977 0.482684 -0.440064 -0.475306 -0.177738 -0.360207 -0.718251 -0.301928 0.741339 0.522492 -0.681502 -0.876471 -0.748533 -0.385273 -0.356708 -0.356708 -0.356708 -0.356708 
-0.356708 -0.356708 -0.356708 -0.380279 -0.562776 -0.789968 -0.661172 0.400478 0.909102 0.866104 0.382648 -0.35865 -0.471922 -0.177149 -0.24738 -0.62226 -0.679418 0.527616 0.946072 0.472626 -0.767841 -0.757013 -0.495262 -0.351882 -0.356708 -0.356708 -0.356708 -0.356708 
-0.356708 -0.356708 -0.367587 -0.548198 -0.779765 -0.716144 0.143276 0.877752 0.837359 0.140393 -0.517792 -0.390879 -0.172669 -0.242907 -0.389373 -0.705143 -0.300168 0.894935 0.934189 -0.281684 -0.86529 -0.558198 -0.280835 -0.344048 -0.356708 -0.356708 -0.356708 -0.356708 
-0.356708 -0.356708 -0.453377 -0.758855 -0.736528 -0.0680325 0.882003 0.819582 0.0942473 -0.626846 -0.506999 -0.149361 -0.242123 -0.351185 -0.516925 -0.635265 0.536142 0.960792 0.671069 -0.810889 -0.827826 -0.306489 -0.279494 -0.356708 -0.356708 -0.356708 -0.356708 -0.356708 
-0.356708 -0.367973 -0.62945 -0.743871 -0.164947 0.851681 0.908918 0.0850183 -0.703292 -0.615439 -0.256427 -0.289711 -0.352766 -0.360605 -0.609596 -0.340461 0.890245 0.917974 -0.30257 -0.90654 -0.698763 -0.256043 -0.343252 -0.356708 -0.356708 -0.356708 -0.356708 -0.356708 
-0.356708 -0.454797 -0.734147 -0.375811 0.802734 0.951759 0.563762 -0.609128 -0.682267 -0.326642 -0.256547 -0.350394 -0.356708 -0.385246 -0.658954 0.182579 0.953031 0.759995 -0.781505 -0.882234 -0.514305 -0.314313 -0.356708 -0.356708 -0.356708 -0.356708 -0.356708 -0.356708 
-0.373758 -0.631669 -0.668603 0.510906 0.949119 0.80364 -0.466628 -0.77527 -0.414881 -0.199174 -0.331261 -0.356708 -0.356708 -0.441104 -0.549404 0.668132 0.95206 0.310136 -0.881133 -0.814169 -0.372926 -0.352766 -0.356708 -0.356708 -0.356708 -0.356708 -0.356708 -0.356708 
-0.498616 -0.742224 -0.306004 0.832925 0.890239 -0.251822 -0.880444 -0.691189 -0.316945 -0.373478 -0.38583 -0.358236 -0.364876 -0.603032 -0.395504 0.857151 0.870635 -0.422655 -0.898006 -0.707355 -0.314407 -0.356708 -0.356708 -0.356708 -0.356708 -0.356708 -0.356708 -0.356708 
-0.6783 -0.632009 0.454168 0.930462 0.262603 -0.940056 -0.980659 -0.925405 -0.887908 -0.89276 -0.838025 -0.750454 -0.76013 -0.884399 -0.437256 0.83527 0.491342 -0.848289 -0.941721 -0.785865 -0.649541 -0.588338 -0.450025 -0.383487 -0.365846 -0.356708 -0.356708 -0.356708 
-0.628786 -0.0356242 0.889766 0.906963 -0.654509 -0.978559 -0.984708 -0.961598 -0.963737 -0.974981 -0.981029 -0.974993 -0.978679 -0.974603 -0.649149 0.439776 -0.585457 -0.983725 -0.98638 -0.959399 -0.950546 -0.93123 -0.885336 -0.768246 -0.521511 -0.356708 -0.356708 -0.356708 
-0.224051 0.766955 0.979086 0.957329 0.220011 -0.359939 -0.488648 -0.573031 -0.733404 -0.858954 -0.924889 -0.909581 -0.901 -0.696833 0.473895 0.380848 -0.866197 -0.967241 -0.929793 -0.91379 -0.934095 -0.94226 -0.92978 -0.854353 -0.620827 -0.356708 -0.356708 -0.356708 
0.339569 0.938929 0.984804 0.97467 0.899235 0.878251 0.821927 0.705169 0.584572 0.530507 0.378798 0.356581 0.172905 0.639429 0.946418 0.6419 -0.469857 -0.320171 0.128786 -0.135856 -0.242361 -0.406019 -0.641745 -0.74985 -0.628717 -0.356708 -0.356708 -0.356708 
0.25859 0.857841 0.923043 0.926939 0.93148 0.936854 0.947157 0.948231 0.940478 0.944681 0.923066 0.88076 0.744991 0.901617 0.96608 0.852673 0.39003 0.625795 0.886109 0.865296 0.815053 0.399973 -0.389362 -0.664147 -0.561657 -0.356708 -0.356708 -0.356708 
-0.0855653 0.324621 0.37599 0.41225 0.524887 0.563028 0.705081 0.841273 0.865902 0.873372 0.879811 0.802744 0.73347 0.948565 0.975718 0.823314 0.106749 0.526938 0.928141 0.951076 0.897834 0.445552 -0.165079 -0.264643 -0.332053 -0.356708 -0.356708 -0.356708 
-0.356708 -0.356708 -0.356708 -0.356708 -0.356708 -0.354618 -0.248013 -0.0999263 -0.0950146 -0.0742828 -0.0481391 -0.391438 0.140052 0.938948 0.865536 -0.425402 -0.787334 -0.2394 0.461308 0.513777 0.366689 0.0181327 -0.141941 -0.142882 -0.277929 -0.356708 -0.356708 -0.356708 
-0.356708 -0.356708 -0.356708 -0.356708 -0.356708 -0.356708 -0.356708 -0.356708 -0.356708 -0.356708 -0.492791 -0.674832 0.464597 0.943095 0.458477 -0.836134 -0.82251 -0.415305 -0.328324 -0.352385 -0.352868 -0.35442 -0.355861 -0.35538 -0.355921 -0.356708 -0.356708 -0.356708 
-0.356708 -0.356708 -0.356708 -0.356708 -0.356708 -0.356708 -0.356708 -0.356708 -0.356708 -0.363713 -0.643032 -0.482311 0.819152 0.916221 -0.271098 -0.894978 -0.692787 -0.307601 -0.356708 -0.356708 -0.356708 -0.356708 -0.356708 -0.356708 -0.356708 -0.356708 -0.356708 -0.356708 
-0.356708 -0.356708 -0.356708 -0.356708 -0.356708 -0.356708 -0.356708 -0.356708 -0.356708 -0.410837 -0.677414 -0.00221639 0.936541 0.764669 -0.776149 -0.88797 -0.508147 -0.297504 -0.356708 -0.356708 -0.356708 -0.356708 -0.356708 -0.356708 -0.356708 -0.356708 -0.356708 -0.356708 
-0.356708 -0.356708 -0.356708 -0.356708 -0.356708 -0.356708 -0.356708 -0.356708 -0.356708 -0.500099 -0.602109 0.639776 0.938204 0.182814 -0.893789 -0.82619 -0.3768 -0.346431 -0.356708 -0.356708 -0.356708 -0.356708 -0.356708 -0.356708 -0.356708 -0.356708 -0.356708 -0.356708 
-0.356708 -0.356708 -0.356708 -0.356708 -0.356708 -0.356708 -0.356708 -0.356708 -0.356708 -0.61068 -0.259586 0.896925 0.924111 -0.284824 -0.908044 -0.732803 -0.309214 -0.356708 -0.356708 -0.356708 -0.356708 -0.356708 -0.356708 -0.356708 -0.356708 -0.356708 -0.356708 -0.356708 
-0.356708 -0.356708 -0.356708 -0.356708 -0.356708 -0.356708 -0.356708 -0.356708 -0.356708 -0.470432 0.42009 0.967453 0.934677 -0.167689 -0.751793 -0.566658 -0.331322 -0.356708 -0.356708 -0.356708 -0.356708 -0.356708 -0.356708 -0.356708 -0.356708 -0.356708 -0.356708 -0.356708 
-0.356708 -0.356708 -0.356708 -0.356708 -0.356708 -0.356708 -0.356708 -0.356708 -0.356708 -0.00684171 0.862795 0.974763 0.833785 -0.152841 -0.502685 -0.425887 -0.344843 -0.356708 -0.356708 -0.356708 -0.356708 -0.356708 -0.356708 -0.356708 -0.356708 -0.356708 -0.356708 -0.356708 
-0.356708 -0.356708 -0.356708 -0.356708 -0.356708 -0.356708 -0.356708 -0.356708 -0.356708 0.168881 0.849188 0.861987 0.307849 -0.191301 -0.240687 -0.321946 -0.356708 -0.356708 -0.356708 -0.356708 -0.356708 -0.356708 -0.356708 -0.356708 -0.356708 -0.356708 -0.356708 -0.356708 

0.704579 0.704579 0.704579 0.704579 0.704579 0.704579 0.704579 0.704579 0.709738 0.75805 0.66398 0.123126 -0.276667 0.523494 0.925855 0.929274 0.748138 0.704579 0.704579 0.704579 0.704579 0.704579 0.704579 0.704579 0.704579 0.704579 0.704579 0.704579 
0.704579 0.704579 0.704579 0.704579 0.704579 0.704579 0.704579 0.709738 0.759008 0.589259 -0.44368 -0.857976 -0.391782 0.898668 0.98215 0.945067 0.740841 0.752871 0.709688 0.387433 0.388171 0.804431 0.861731 0.721863 0.704579 0.704579 0.704579 0.704579 
0.704579 0.704579 0.704579 0.704579 0.704579 0.704579 0.709738 0.75861 0.59366 -0.615662 -0.973274 -0.959577 0.438352 0.98746 0.992545 0.929032 0.750879 0.725997 0.309079 -0.375393 0.232649 0.932992 0.944632 0.740621 0.704579 0.704579 0.704579 0.704579 
0.704579 0.704579 0.704579 0.704579 0.704579 0.710204 0.75812 0.592561 -0.612472 -0.979014 -0.98304 -0.354762 0.968641 0.994567 0.985033 0.921025 0.749665 0.373944 -0.695105 -0.839432 0.428708 0.985502 0.969499 0.749139 0.704579 0.704579 0.704579 0.704579 
0.704579 0.704579 0.704579 0.704579 0.706464 0.759563 0.609228 -0.606729 -0.979272 -0.98198 -0.31873 0.952289 0.988621 0.960155 0.886142 0.817398 0.695703 -0.493033 -0.978747 -0.887714 0.915365 0.99718 0.976834 0.741925 0.704579 0.704579 0.704579 0.704579 
0.704579 0.704579 0.704579 0.704579 0.731467 0.674224 -0.40634 -0.978606 -0.987563 -0.231376 0.956172 0.98483 0.961613 0.836677 0.742515 0.735645 0.388239 -0.924955 -0.988312 -0.386846 0.981181 0.995956 0.955098 0.734025 0.704579 0.704579 0.704579 0.704579 
0.704579 0.704579 0.704579 0.732255 0.73014 -0.160303 -0.969227 -0.989287 -0.446175 0.956353 0.988032 0.953969 0.835564 0.742213 0.699282 0.677166 -0.436141 -0.982818 -0.954996 0.788638 0.989628 0.98054 0.896379 0.720094 0.704579 0.704579 0.704579 0.704579 
0.704579 0.704579 0.717565 0.75135 0.214312 -0.934025 -0.99107 -0.713474 0.935712 0.993677 0.95947 0.803677 0.739902 0.6947 0.730126 0.372056 -0.900361 -0.986314 -0.390429 0.982116 0.990298 0.917449 0.793032 0.703196 0.704579 0.704579 0.704579 0.704579 
0.704579 0.704579 0.74267 0.464041 -0.829598 -0.990992 -0.930167 0.869161 0.990679 0.977484 0.83576 0.686062 0.693144 0.703974 0.712843 -0.213145 -0.968175 -0.950904 0.688474 0.993036 0.974025 0.819414 0.713659 0.704579 0.704579 0.704579 0.704579 0.704579 
0.704579 0.71802 0.680919 -0.486896 -0.985024 -0.987327 0.487386 0.989515 0.987508 0.912734 0.790619 0.702523 0.704147 0.709272 0.620876 -0.695945 -0.981838 -0.799979 0.936056 0.994018 0.945469 0.742201 0.70311 0.704579 0.704579 0.704579 0.704579 0.704579 
0.704579 0.741742 0.285074 -0.93847 -0.99194 -0.607143 0.973459 0.992568 0.94081 0.838744 0.721424 0.703888 0.704579 0.710193 0.34925 -0.887709 -0.970422 -0.274823 0.982395 0.991816 0.894904 0.705133 0.704579 0.704579 0.704579 0.704579 0.704579 0.704579 
0.72477 0.67113 -0.581221 -0.985939 -0.957165 0.764948 0.992731 0.975284 0.839369 0.729971 0.701808 0.704579 0.704579 0.727525 -0.0865949 -0.959598 -0.948423 0.560218 0.991453 0.981745 0.821948 0.704147 0.704579 0.704579 0.704579 0.704579 0.704579 0.704579 
0.754844 0.195228 -0.94796 -0.988759 -0.332499 0.976839 0.992265 0.922609 0.769559 0.722152 0.73001 0.706052 0.714364 0.686713 -0.614264 -0.978137 -0.806564 0.922865 0.994677 0.954476 0.757501 0.704579 0.704579 0.704579 0.704579 0.704579 0.704579 0.704579 
0.625031 -0.578273 -0.981923 -0.961714 0.520234 0.964904 0.95931 0.785266 0.67584 0.801113 0.828005 0.720984 0.694504 0.276251 -0.896531 -0.953245 -0.0497442 0.963251 0.98204 0.876896 0.760015 0.811353 0.761337 0.717969 0.713329 0.704579 0.704579 0.704579 
0.222945 -0.856664 -0.983425 -0.88746 0.434929 0.886882 0.852544 0.669224 0.571766 0.615775 0.665334 0.582511 0.457277 -0.453737 -0.912174 -0.715469 0.556273 0.928943 0.927477 0.807218 0.729906 0.76111 0.847574 0.90215 0.838074 0.704579 0.704579 0.704579 
-0.0511782 -0.8452 -0.9393 -0.791068 -0.110478 0.258643 0.259069 0.0418982 0.0791976 0.249693 0.341696 0.217267 0.0867564 -0.606624 -0.922008 -0.768918 0.420188 0.887843 0.770947 0.445235 0.4584 0.779991 0.929676 0.952461 0.875632 0.704579 0.704579 0.704579 
0.262111 -0.320473 -0.651804 -0.624604 -0.162617 0.283238 0.301248 0.133161 0.0767848 0.213512 0.321989 0.182732 0.0512296 -0.644042 -0.898943 -0.67469 0.579347 0.766213 0.219186 0.00696198 0.474436 0.897439 0.962675 0.947754 0.835756 0.704579 0.704579 0.704579 
0.614477 0.55647 0.394549 0.214479 0.366832 0.473939 0.299349 0.069083 -0.0426496 0.237745 0.573858 0.668598 0.228524 -0.833304 -0.903334 0.192443 0.970336 0.91153 0.304274 0.0211912 0.530982 0.928883 0.971824 0.956565 0.849419 0.704579 0.704579 0.704579 
0.715164 0.748416 0.675443 0.526378 0.463583 0.456824 0.401899 0.370603 0.306951 0.260249 0.339862 0.328475 -0.74401 -0.990224 -0.959883 0.788538 0.992985 0.918184 0.209729 0.0593117 0.311004 0.652856 0.780573 0.834871 0.789995 0.704579 0.704579 0.704579 
0.704579 0.704579 0.704579 0.704579 0.704579 0.704667 0.709135 0.722266 0.689456 0.642506 0.653284 0.397897 -0.889162 -0.986914 -0.578355 0.970481 0.993 0.919012 0.7021 0.610753 0.477803 0.361118 0.42236 0.614172 0.697146 0.704579 0.704579 0.704579 
0.704579 0.704579 0.704579 0.704579 0.704579 0.704579 0.704579 0.704579 0.704579 0.704579 0.739779 0.000387013 -0.961018 -0.955032 0.523335 0.989881 0.983668 0.853427 0.70181 0.70494 0.704196 0.703429 0.703067 0.703814 0.704492 0.704579 0.704579 0.704579 
0.704579 0.704579 0.704579 0.704579 0.704579 0.704579 0.704579 0.704579 0.704579 0.712983 0.632462 -0.645584 -0.978443 -0.813189 0.92643 0.992721 0.954062 0.781749 0.704579 0.704579 0.704579 0.704579 0.704579 0.704579 0.704579 0.704579 0.704579 0.704579 
0.704579 0.704579 0.704579 0.704579 0.704579 0.704579 0.704579 0.704579 0.704579 0.718637 0.318164 -0.907175 -0.976556 -0.122079 0.983415 0.990566 0.890033 0.711489 0.704579 0.704579 0.704579 0.704579 0.704579 0.704579 0.704579 0.704579 0.704579 0.704579 
0.704579 0.704579 0.704579 0.704579 0.704579 0.704579 0.704579 0.704579 0.704579 0.716472 -0.232653 -0.971026 -0.940686 0.681263 0.993393 0.981929 0.829302 0.703456 0.704579 0.704579 0.704579 0.704579 0.704579 0.704579 0.704579 0.704579 0.704579 0.704579 
0.704579 0.704579 0.704579 0.704579 0.704579 0.704579 0.704579 0.704579 0.704579 0.579727 -0.668044 -0.965616 -0.792447 0.884036 0.992397 0.962764 0.749066 0.704579 0.704579 0.704579 0.704579 0.704579 0.704579 0.704579 0.704579 0.704579 0.704579 0.704579 
0.704579 0.704579 0.704579 0.704579 0.704579 0.704579 0.704579 0.704579 0.704579 0.2486 -0.795269 -0.857768 0.109242 0.923719 0.97655 0.90977 0.716973 0.704579 0.704579 0.704579 0.704579 0.704579 0.704579 0.704579 0.704579 0.704579 0.704579 0.704579 
0.704579 0.704579 0.704579 0.704579 0.704579 0.704579 0.704579 0.704579 0.704579 0.282376 -0.443542 -0.309312 0.437333 0.876463 0.936182 0.837884 0.703283 0.704579 0.704579 0.704579 0.704579 0.704579 0.704579 0.704579 0.704579 0.704579 0.704579 0.704579 
0.704579 0.704579 0.704579 0.704579 0.704579 0.704579 0.704579 0.704579 0.704579 0.594284 0.477183 0.487358 0.488968 0.712183 0.838692 0.784142 0.704579 0.704579 0.704579 0.704579 0.704579 0.704579 0.704579 0.704579 0.704579 0.704579 0.704579 0.704579 

-0.819111 -0.819111 -0.819111 -0.819111 -0.819111 -0.819111 -0.819111 -0.819111 -0.822362 -0.865477 -0.891402 -0.853703 -0.683561 -0.654791 -0.59684 -0.726455 -0.810814 -0.819111 -0.819111 -0.819111 -0.819111 -0.819111 -0.819111 -0.819111 -0.819111 -0.819111 -0.819111 -0.819111 
-0.819111 -0.819111 -0.819111 -0.819111 -0.819111 -0.819111 -0.819111 -0.822362 -0.864223 -0.932178 -0.962665 -0.919726 -0.34374 0.260777 0.263276 -0.350282 -0.789065 -0.849318 -0.83161 -0.775992 -0.789973 -0.787352 -0.815088 -0.818973 -0.819111 -0.819111 -0.819111 -0.819111 
-0.819111 -0.819111 -0.819111 -0.819111 -0.819111 -0.819111 -0.822362 -0.863994 -0.931397 -0.979461 -0.985427 -0.869123 0.695084 0.889645 0.619193 -0.365891 -0.81113 -0.92154 -0.905019 -0.714701 -0.640814 -0.416819 -0.592671 -0.806801 -0.819111 -0.819111 -0.819111 -0.819111 
-0.819111 -0.819111 -0.819111 -0.819111 -0.819111 -0.822654 -0.863779 -0.931059 -0.979266 -0.990405 -0.958568 0.201901 0.964912 0.93649 0.383163 -0.486614 -0.846925 -0.977473 -0.970977 -0.537743 0.110889 0.375537 -0.316748 -0.796896 -0.819111 -0.819111 -0.819111 -0.819111 
-0.819111 -0.819111 -0.819111 -0.819111 -0.820299 -0.864973 -0.931642 -0.978904 -0.990532 -0.970353 -0.0623706 0.956462 0.986985 0.699724 -0.552272 -0.771639 -0.923446 -0.993021 -0.984227 -0.0617035 0.734646 0.763002 0.00849199 -0.788407 -0.819111 -0.819111 -0.819111 -0.819111 
-0.819111 -0.819111 -0.819111 -0.819111 -0.840244 -0.937634 -0.98024 -0.990094 -0.975117 -0.083308 0.947034 0.980398 0.818666 -0.394875 -0.790353 -0.890863 -0.970667 -0.99686 -0.964347 0.787275 0.942416 0.728845 -0.239537 -0.803445 -0.819111 -0.819111 -0.819111 -0.819111 
-0.819111 -0.819111 -0.819111 -0.836481 -0.900427 -0.979706 -0.992317 -0.973561 -0.354327 0.941836 0.97699 0.754579 -0.399157 -0.788992 -0.845806 -0.941436 -0.991389 -0.995249 -0.622268 0.970417 0.934002 0.216605 -0.612183 -0.810848 -0.819111 -0.819111 -0.819111 -0.819111 
-0.819111 -0.819111 -0.827281 -0.900703 -0.960896 -0.992891 -0.986446 -0.366491 0.934596 0.976393 0.780996 -0.441647 -0.789906 -0.844863 -0.844524 -0.980308 -0.996095 -0.968524 0.549658 0.982238 0.81929 -0.437759 -0.77763 -0.822676 -0.819111 -0.819111 -0.819111 -0.819111 
-0.819111 -0.819111 -0.869615 -0.965067 -0.988951 -0.993135 -0.721462 0.938692 0.978416 0.864013 -0.356973 -0.830408 -0.846014 -0.820679 -0.895455 -0.993907 -0.995942 -0.556703 0.940544 0.958746 0.296115 -0.7386 -0.830156 -0.819111 -0.819111 -0.819111 -0.819111 -0.819111 
-0.819111 -0.827567 -0.937146 -0.990378 -0.993666 -0.936319 0.761054 0.989381 0.91775 -0.240275 -0.767308 -0.832854 -0.820232 -0.822068 -0.952944 -0.997472 -0.982744 0.586535 0.962173 0.818693 -0.345272 -0.815515 -0.822897 -0.819111 -0.819111 -0.819111 -0.819111 -0.819111 
-0.819111 -0.87 -0.97907 -0.996058 -0.980833 0.147403 0.980187 0.969705 0.178418 -0.687735 -0.828056 -0.820902 -0.819111 -0.833872 -0.983619 -0.998077 -0.880392 0.897028 0.947796 0.503111 -0.577831 -0.827863 -0.819111 -0.819111 -0.819111 -0.819111 -0.819111 -0.819111 
-0.831799 -0.935809 -0.993354 -0.995211 -0.633729 0.935653 0.981386 0.617219 -0.635252 -0.827523 -0.826178 -0.819111 -0.819111 -0.873183 -0.994197 -0.996266 -0.277123 0.939902 0.876272 0.0585024 -0.754166 -0.820232 -0.819111 -0.819111 -0.819111 -0.819111 -0.819111 -0.819111 
-0.888703 -0.977068 -0.997144 -0.961755 0.6949 0.982807 0.892174 -0.227104 -0.78156 -0.828886 -0.818712 -0.8191 -0.825271 -0.935456 -0.996904 -0.985761 0.555689 0.945007 0.763891 -0.314088 -0.796897 -0.819111 -0.819111 -0.819111 -0.819111 -0.819111 -0.819111 -0.819111 
-0.955426 -0.993569 -0.997119 -0.55646 0.972721 0.975917 0.591492 -0.504508 -0.738504 -0.732249 -0.767965 -0.795231 -0.832507 -0.972527 -0.997517 -0.88906 0.895812 0.938975 0.536185 -0.531592 -0.80452 -0.806247 -0.816497 -0.817841 -0.819042 -0.819111 -0.819111 -0.819111 
-0.983481 -0.997647 -0.991852 0.168269 0.957677 0.843389 0.217967 4.95613e-05 -0.0862633 -0.127424 -0.309413 -0.555705 -0.730649 -0.969295 -0.99009 -0.126473 0.961558 0.885719 0.405804 -0.275158 -0.400237 -0.466344 -0.691414 -0.778587 -0.811828 -0.819111 -0.819111 -0.819111 
-0.987824 -0.997113 -0.969782 0.0296288 0.731892 0.303303 -0.266728 -0.215538 -0.0775957 -0.142617 -0.165421 -0.25838 -0.559606 -0.916615 -0.811553 0.780904 0.921417 0.585172 0.32023 0.164171 0.381244 0.445778 0.108235 -0.247922 -0.672028 -0.819111 -0.819111 -0.819111 
-0.980663 -0.982853 -0.853085 -0.306391 -0.248276 -0.508901 -0.672711 -0.531147 -0.395043 -0.317853 -0.184181 -0.358412 -0.7921 -0.916885 -0.305482 0.816677 0.834475 0.243377 -0.322154 -0.344009 0.247827 0.770898 0.591688 -0.0563756 -0.654404 -0.819111 -0.819111 -0.819111 
-0.946373 -0.919159 -0.714942 -0.605009 -0.558874 -0.557954 -0.723106 -0.656233 -0.620006 -0.636211 -0.484104 -0.51013 -0.926154 -0.926015 0.26084 0.894392 0.881968 0.0808808 -0.564101 -0.480372 0.0560215 0.600646 0.330963 -0.276864 -0.682856 -0.819111 -0.819111 -0.819111 
-0.883837 -0.841233 -0.708895 -0.70648 -0.759692 -0.775903 -0.851712 -0.819652 -0.729054 -0.713778 -0.681165 -0.856109 -0.988097 -0.968269 0.205162 0.887663 0.874783 0.131115 -0.724788 -0.728792 -0.450656 -0.0987904 -0.509581 -0.702721 -0.761507 -0.819111 -0.819111 -0.819111 
-0.819111 -0.819111 -0.819111 -0.819111 -0.819111 -0.819777 -0.848605 -0.823034 -0.780318 -0.784445 -0.81545 -0.967498 -0.997083 -0.950575 0.782681 0.931909 0.676186 -0.495355 -0.811466 -0.73184 -0.612808 -0.66327 -0.839569 -0.872742 -0.839275 -0.819111 -0.819111 -0.819111 
-0.819111 -0.819111 -0.819111 -0.819111 -0.819111 -0.819111 -0.819111 -0.819111 -0.819111 -0.819111 -0.88521 -0.989443 -0.996886 -0.650545 0.94155 0.925609 0.180626 -0.70362 -0.827036 -0.819027 -0.818416 -0.817965 -0.818944 -0.819553 -0.819336 -0.819111 -0.819111 -0.819111 
-0.819111 -0.819111 -0.819111 -0.819111 -0.819111 -0.819111 -0.819111 -0.819111 -0.819111 -0.824403 -0.948472 -0.996269 -0.986983 0.424249 0.963301 0.784224 -0.270106 -0.784008 -0.819111 -0.819111 -0.819111 -0.819111 -0.819111 -0.819111 -0.819111 -0.819111 -0.819111 -0.819111 
-0.819111 -0.819111 -0.819111 -0.819111 -0.819111 -0.819111 -0.819111 -0.819111 -0.819111 -0.847148 -0.982981 -0.997492 -0.903111 0.877942 0.953259 0.540568 -0.627489 -0.827753 -0.819111 -0.819111 -0.819111 -0.819111 -0.819111 -0.819111 -0.819111 -0.819111 -0.819111 -0.819111 
-0.819111 -0.819111 -0.819111 -0.819111 -0.819111 -0.819111 -0.819111 -0.819111 -0.819111 -0.900132 -0.9942 -0.995963 -0.239214 0.948085 0.903691 0.0821734 -0.726816 -0.822013 -0.819111 -0.819111 -0.819111 -0.819111 -0.819111 -0.819111 -0.819111 -0.819111 -0.819111 -0.819111 
-0.819111 -0.819111 -0.819111 -0.819111 -0.819111 -0.819111 -0.819111 -0.819111 -0.819111 -0.950841 -0.997627 -0.984817 0.649646 0.960751 0.778043 -0.311469 -0.810331 -0.819111 -0.819111 -0.819111 -0.819111 -0.819111 -0.819111 -0.819111 -0.819111 -0.819111 -0.819111 -0.819111 
-0.819111 -0.819111 -0.819111 -0.819111 -0.819111 -0.819111 -0.819111 -0.819111 -0.819111 -0.971109 -0.997705 -0.93333 0.827181 0.882471 0.4602 -0.499806 -0.817399 -0.819111 -0.819111 -0.819111 -0.819111 -0.819111 -0.819111 -0.819111 -0.819111 -0.819111 -0.819111 -0.819111 
-0.819111 -0.819111 -0.819111 -0.819111 -0.819111 -0.819111 -0.819111 -0.819111 -0.819111 -0.965577 -0.992211 -0.725208 0.686071 0.361134 -0.404139 -0.739822 -0.822455 -0.819111 -0.819111 -0.819111 -0.819111 -0.819111 -0.819111 -0.819111 -0.819111 -0.819111 -0.819111 -0.819111 
-0.819111 -0.819111 -0.819111 -0.819111 -0.819111 -0.819111 -0.819111 -0.819111 -0.819111 -0.940447 -0.944279 -0.473421 -0.0996205 -0.56005 -0.702837 -0.770598 -0.819111 -0.819111 -0.819111 -0.819111 -0.819111 -0.819111 -0.819111 -0.819111 -0.819111 -0.819111 -0.819111 -0.819111 

0.171083 0.171083 0.171083 0.171083 0.171083 0.171083 0.171083 0.171083 0.15912 -0.0402544 -0.501318 -0.674302 -0.0060992 0.900171 0.966361 0.847228 0.281164 0.171083 0.171083 0.171083 0.171083 0.171083 0.171083 0.171083 0.171083 0.171083 0.171083 0.171083 
0.171083 0.171083 0.171083 0.171083 0.171083 0.171083 0.171083 0.15912 -0.0369753 -0.591839 -0.855106 -0.697322 0.806437 0.995664 0.996295 0.916396 0.283253 0.0497587 -0.205225 -0.177525 0.364749 0.741077 0.617254 0.211862 0.171083 0.171083 0.171083 0.171083 
0.171083 0.171083 0.171083 0.171083 0.171083 0.171083 0.15912 -0.0358588 -0.590658 -0.854659 -0.804332 0.295918 0.988765 0.999411 0.997549 0.884705 0.232042 -0.314305 -0.722046 -0.424369 0.793298 0.976209 0.891498 0.264715 0.171083 0.171083 0.171083 0.171083 
0.171083 0.171083 0.171083 0.171083 0.171083 0.158031 -0.0378355 -0.589883 -0.85322 -0.816114 -0.0605849 0.918164 0.990511 0.994333 0.942864 0.61191 0.0671971 -0.575884 -0.884292 -0.50986 0.969864 0.998671 0.967275 0.303762 0.171083 0.171083 0.171083 0.171083 
0.171083 0.171083 0.171083 0.171083 0.166739 -0.0180684 -0.581829 -0.855073 -0.821952 0.00608537 0.894319 0.95606 0.866736 0.600193 0.0630361 0.00290673 -0.247851 -0.817498 -0.954957 -0.276029 0.996545 0.999453 0.961835 0.271869 0.171083 0.171083 0.171083 0.171083 
0.171083 0.171083 0.171083 0.171083 0.0943792 -0.433143 -0.840449 -0.874601 -0.233741 0.889567 0.944451 0.805866 0.278317 -0.250375 -0.195234 -0.151781 -0.637236 -0.904422 -0.946189 0.119245 0.996003 0.994935 0.829612 0.218997 0.171083 0.171083 0.171083 0.171083 
0.171083 0.171083 0.171083 0.104203 -0.290109 -0.781469 -0.896725 -0.529817 0.811285 0.955388 0.82474 0.122266 -0.262221 -0.199468 0.0286072 -0.265472 -0.807431 -0.923341 -0.831059 0.804008 0.990354 0.903549 0.415913 0.165868 0.171083 0.171083 0.171083 0.171083 
0.171083 0.171083 0.140541 -0.218479 -0.754727 -0.895188 -0.744957 0.510008 0.953914 0.928641 0.180026 -0.407453 -0.206379 0.0347291 0.0798908 -0.522403 -0.914535 -0.935693 -0.084002 0.974065 0.965349 0.389264 0.0857123 0.156608 0.171083 0.171083 0.171083 0.171083 
0.171083 0.171083 -0.00623786 -0.622708 -0.891338 -0.84485 0.039053 0.94063 0.966748 0.66986 -0.143024 -0.224314 0.0349658 0.164759 -0.066843 -0.707699 -0.956524 -0.932972 0.68521 0.988542 0.845129 0.0435158 0.0843108 0.171083 0.171083 0.171083 0.171083 0.171083 
0.171083 0.139445 -0.306776 -0.829321 -0.939208 -0.598029 0.875422 0.975516 0.919202 0.337194 -0.0247722 0.0898641 0.166567 0.16021 -0.261868 -0.836148 -0.978118 -0.808507 0.96195 0.989968 0.683716 0.0447035 0.155701 0.171083 0.171083 0.171083 0.171083 0.171083 
0.171083 -0.00676181 -0.630729 -0.921284 -0.921792 0.148078 0.947607 0.943465 0.465713 -0.00424271 0.0501951 0.163854 0.171083 0.12881 -0.458451 -0.910314 -0.98139 -0.342148 0.991561 0.975047 0.450042 0.123007 0.171083 0.171083 0.171083 0.171083 0.171083 0.171083 
0.122964 -0.332883 -0.836474 -0.941778 -0.799929 0.838815 0.971795 0.785385 -0.00132081 -0.0388308 0.142065 0.171083 0.171083 0.0123275 -0.627515 -0.959607 -0.967535 0.657613 0.994738 0.921616 0.244224 0.166567 0.171083 0.171083 0.171083 0.171083 0.171083 0.171083 
-0.0901449 -0.698955 -0.925951 -0.93693 0.148288 0.974704 0.971484 0.486861 0.0880385 0.227594 0.234562 0.174506 0.148204 -0.278574 -0.822104 -0.974642 -0.85924 0.957838 0.991653 0.742169 0.128863 0.171083 0.171083 0.171083 0.171083 0.171083 0.171083 0.171083 
-0.302529 -0.839314 -0.970509 -0.945257 0.557368 0.980462 0.958311 0.772929 0.796179 0.851547 0.751205 0.501869 0.339129 -0.196291 -0.712801 -0.930336 -0.10145 0.986401 0.977047 0.750951 0.618906 0.578506 0.354137 0.220704 0.191555 0.171083 0.171083 0.171083 
-0.278507 -0.871868 -0.986846 -0.953439 0.558834 0.964974 0.924449 0.837932 0.871871 0.909624 0.90336 0.835148 0.774914 0.6239 0.0408155 -0.599416 0.665109 0.985091 0.966705 0.905167 0.925559 0.944323 0.93264 0.854739 0.525286 0.171083 0.171083 0.171083 
-0.0875366 -0.833354 -0.97901 -0.950934 0.0852378 0.795969 0.865729 0.841147 0.897302 0.948834 0.955584 0.921469 0.877204 0.698777 -0.162332 -0.122298 0.940591 0.980949 0.896452 0.835463 0.948964 0.988317 0.990187 0.963219 0.679712 0.171083 0.171083 0.171083 
0.195635 -0.7941 -0.973561 -0.980822 -0.854846 -0.531648 -0.249573 -0.175188 0.172926 0.622942 0.836022 0.838243 0.605437 -0.119699 -0.547259 0.402037 0.977883 0.95535 0.720763 0.801001 0.933803 0.98419 0.990847 0.962484 0.642022 0.171083 0.171083 0.171083 
0.244577 -0.594427 -0.909998 -0.969723 -0.976896 -0.974496 -0.97461 -0.98644 -0.981709 -0.954371 -0.890713 -0.884095 -0.967068 -0.992965 -0.983654 0.00766699 0.940135 0.326613 -0.869775 -0.859098 -0.540766 0.50914 0.889764 0.837892 0.492937 0.171083 0.171083 0.171083 
0.267025 -0.0540168 -0.45174 -0.665178 -0.762295 -0.780044 -0.777124 -0.884812 -0.930565 -0.950161 -0.955264 -0.976804 -0.996194 -0.999269 -0.989363 0.699482 0.949824 -0.310332 -0.971841 -0.983036 -0.982147 -0.929086 -0.558476 -0.108715 0.145824 0.171083 0.171083 0.171083 
0.171083 0.171083 0.171083 0.171083 0.171083 0.171932 0.209334 0.0709228 -0.0814082 -0.191716 -0.304611 -0.705076 -0.950147 -0.987695 -0.661647 0.981377 0.975136 0.416705 -0.388833 -0.62242 -0.786689 -0.772439 -0.505449 -0.173676 0.0822554 0.171083 0.171083 0.171083 
0.171083 0.171083 0.171083 0.171083 0.171083 0.171083 0.171083 0.171083 0.171083 0.171083 -0.0585294 -0.698797 -0.934351 -0.947005 0.54991 0.992651 0.929031 0.294338 0.14201 0.168887 0.166676 0.1641 0.166246 0.168457 0.170181 0.171083 0.171083 0.171083 
0.171083 0.171083 0.171083 0.171083 0.171083 0.171083 0.171083 0.171083 0.171083 0.151483 -0.291134 -0.817527 -0.961897 -0.806494 0.952887 0.989299 0.712856 0.129259 0.171083 0.171083 0.171083 0.171083 0.171083 0.171083 0.171083 0.171083 0.171083 0.171083 
0.171083 0.171083 0.171083 0.171083 0.171083 0.171083 0.171083 0.171083 0.171083 0.0848847 -0.510073 -0.914956 -0.965679 -0.00866491 0.992166 0.974652 0.428713 0.104299 0.171083 0.171083 0.171083 0.171083 0.171083 0.171083 0.171083 0.171083 0.171083 0.171083 
0.171083 0.171083 0.171083 0.171083 0.171083 0.171083 0.171083 0.171083 0.171083 -0.0697742 -0.730856 -0.962696 -0.948094 0.79018 0.995561 0.917395 0.237585 0.159327 0.171083 0.171083 0.171083 0.171083 0.171083 0.171083 0.171083 0.171083 0.171083 0.171083 
0.171083 0.171083 0.171083 0.171083 0.171083 0.171083 0.171083 0.171083 0.171083 -0.209223 -0.775595 -0.977144 -0.899653 0.94083 0.991684 0.809758 0.132155 0.171083 0.171083 0.171083 0.171083 0.171083 0.171083 0.171083 0.171083 0.171083 0.171083 0.171083 
0.171083 0.171083 0.171083 0.171083 0.171083 0.171083 0.171083 0.171083 0.171083 -0.0496863 -0.644178 -0.96397 -0.811461 0.851224 0.919177 0.543819 0.142429 0.171083 0.171083 0.171083 0.171083 0.171083 0.171083 0.171083 0.171083 0.171083 0.171083 0.171083 
0.171083 0.171083 0.171083 0.171083 0.171083 0.171083 0.171083 0.171083 0.171083 0.128422 -0.540777 -0.953294 -0.855248 0.338695 0.59726 0.319868 0.157515 0.171083 0.171083 0.171083 0.171083 0.171083 0.171083 0.171083 0.171083 0.171083 0.171083 0.171083 
0.171083 0.171083 0.171083 0.171083 0.171083 0.171083 0.171083 0.171083 0.171083 0.208009 -0.538205 -0.922728 -0.893857 -0.579209 -0.130728 0.13519 0.171083 0.171083 0.171083 0.171083 0.171083 0.171083 0.171083 0.171083 0.171083 0.171083 0.171083 0.171083 

