-0.578256 -0.578256 -0.578256 -0.582815 -0.755302 -0.857657 -0.845352 -0.738666 -0.621708 -0.707472 -0.683536 -0.618898 -0.578256 -0.578256 
-0.578256 -0.578256 -0.583221 -0.755012 -0.827089 0.393414 0.276532 -0.370534 -0.752703 -0.824598 -0.798505 -0.637303 -0.578256 -0.578256 
-0.578256 -0.578256 -0.724094 -0.799248 0.700118 0.898609 -0.441764 -0.809833 -0.688638 0.55992 -0.654748 -0.536464 -0.578256 -0.578256 
-0.578256 -0.680214 -0.829516 0.690128 0.879564 -0.381287 -0.79901 -0.753008 0.44293 0.782597 -0.756799 -0.676696 -0.578256 -0.578256 
-0.589913 -0.80104 0.403286 0.888933 -0.408568 -0.783466 -0.620329 -0.623445 0.885939 -0.370452 -0.791986 -0.610123 -0.578256 -0.578256 
-0.705586 -0.245388 0.901899 -0.130168 -0.802884 -0.625726 -0.628534 0.176734 0.753498 -0.786241 -0.680456 -0.578256 -0.578256 -0.578256 
-0.773813 0.703467 -0.185819 -0.845567 -0.810368 -0.745912 -0.796893 0.470267 -0.211452 -0.829216 -0.699973 -0.599599 -0.579988 -0.578256 
0.581505 0.900376 0.00259613 -0.194119 -0.469405 -0.662366 -0.547034 0.577907 -0.765638 -0.858397 -0.847901 -0.788088 -0.624329 -0.578256 
0.802374 0.894751 0.786051 0.868062 0.879371 0.892622 0.883956 0.902815 0.859878 0.898274 0.789221 -0.110659 -0.516755 -0.578256 
-0.352596 -0.271991 -0.53597 -0.199444 -0.0653946 -0.560694 0.563817 0.332698 -0.292289 0.330672 -0.556923 -0.810858 -0.633368 -0.578256 
-0.578256 -0.578256 -0.578256 -0.578256 -0.585628 -0.711969 0.87774 -0.436537 -0.772591 -0.585927 -0.57762 -0.579542 -0.578531 -0.578256 
-0.578256 -0.578256 -0.578256 -0.578256 -0.649579 0.0405589 0.750489 -0.767638 -0.696593 -0.578256 -0.578256 -0.578256 -0.578256 -0.578256 
-0.578256 -0.578256 -0.578256 -0.578256 -0.539099 0.84421 0.455543 -0.781292 -0.619483 -0.578256 -0.578256 -0.578256 -0.578256 -0.578256 
-0.578256 -0.578256 -0.578256 -0.578256 -0.0846318 0.888554 -0.28245 -0.762415 -0.582316 -0.578256 -0.578256 -0.578256 -0.578256 -0.578256 
-0.240978 -0.240978 -0.240978 -0.236697 0.108082 0.636769 0.626786 -0.352462 -0.21305 -0.0410036 -0.156854 -0.298013 -0.240978 -0.240978 
-0.240978 -0.240978 -0.236305 0.106645 0.661084 0.712963 0.118433 -0.574798 0.129843 0.672695 0.332959 -0.413723 -0.240978 -0.240978 
-0.240978 -0.240978 0.0160418 0.654173 0.69952 -0.336761 -0.669611 -0.463087 0.539055 0.70602 -0.205482 -0.456464 -0.240978 -0.240978 
-0.240978 -0.0884195 0.586316 0.705563 -0.323103 -0.669617 -0.525343 0.0675646 0.67697 0.223408 -0.657102 -0.404722 -0.240978 -0.240978 
-0.229541 0.401493 0.711466 0.0931945 -0.669819 -0.511583 -0.269074 0.399231 0.66809 -0.42816 -0.579773 -0.270437 -0.240978 -0.240978 
-0.0255296 0.652947 0.511315 -0.658688 -0.583945 -0.28498 -0.176859 0.53929 0.579287 -0.64262 -0.414618 -0.240978 -0.240978 -0.240978 
0.43074 0.710244 0.143861 -0.498516 -0.112346 -0.113722 0.245718 0.65518 0.236209 -0.623853 -0.30929 -0.259746 -0.243592 -0.240978 
0.164267 0.533502 0.474042 0.67978 0.714252 0.708201 0.713363 0.714551 0.621595 0.626641 0.563119 -0.130431 -0.324122 -0.240978 
-0.521196 -0.652779 -0.66463 -0.617008 -0.403235 -0.319537 0.119479 0.271328 -0.55666 -0.202034 0.0160809 -0.407365 -0.328677 -0.240978 
-0.341314 -0.444104 -0.463793 -0.512484 -0.570087 -0.468425 0.117533 -0.04903 -0.671786 -0.646051 -0.64128 -0.525504 -0.30378 -0.240978 
-0.240978 -0.240978 -0.240978 -0.240978 -0.233936 0.403637 0.668268 -0.358345 -0.577929 -0.248879 -0.242938 -0.241947 -0.241193 -0.240978 
-0.240978 -0.240978 -0.240978 -0.240978 -0.140767 0.595168 0.593954 -0.647706 -0.425484 -0.240978 -0.240978 -0.240978 -0.240978 -0.240978 
-0.240978 -0.240978 -0.240978 -0.240978 -0.104551 0.417764 0.0802143 -0.634813 -0.292125 -0.240978 -0.240978 -0.240978 -0.240978 -0.240978 
-0.240978 -0.240978 -0.240978 -0.240978 -0.30214 -0.574663 -0.622798 -0.540353 -0.244178 -0.240978 -0.240978 -0.240978 -0.240978 -0.240978 
-0.419195 -0.419195 -0.419195 -0.420413 -0.556111 -0.758136 -0.814269 -0.804626 -0.461194 -0.471631 -0.576657 -0.484233 -0.419195 -0.419195 
-0.419195 -0.419195 -0.420523 -0.554951 -0.776934 -0.311791 -0.574095 -0.764685 -0.62871 -0.665064 -0.807614 -0.669639 -0.419195 -0.419195 
-0.419195 -0.419195 -0.534731 -0.752526 0.205717 0.805721 -0.434587 -0.372402 -0.627976 0.40357 -0.780639 -0.6605 -0.419195 -0.419195 
-0.419195 -0.481277 -0.733897 0.298317 0.759468 -0.25403 -0.311127 -0.559459 0.19565 0.640965 -0.749366 -0.43196 -0.419195 -0.419195 
-0.422393 -0.689171 0.00478036 0.750957 -0.532144 -0.353413 -0.384451 -0.591309 0.829152 -0.3968 -0.588356 -0.393084 -0.419195 -0.419195 
-0.523585 -0.372922 0.849714 -0.37873 -0.473338 -0.380987 -0.450771 -0.0777797 0.790071 -0.805178 -0.454759 -0.419195 -0.419195 -0.419195 
-0.68289 0.60737 0.0319454 -0.819104 -0.667874 -0.640552 -0.694009 0.3292 0.0766685 -0.801989 -0.54625 -0.452738 -0.42179 -0.419195 
0.00351135 0.86999 -0.512498 -0.758247 -0.825072 -0.851608 -0.827266 0.26178 -0.8104 -0.851501 -0.848512 -0.814515 -0.533237 -0.419195 
0.702119 0.876244 0.862473 0.841382 0.793291 0.726479 0.713141 0.839822 0.12268 0.569693 0.236313 -0.662879 -0.544989 -0.419195 
-0.117646 0.0711082 0.173537 0.429083 0.527683 0.44154 0.760645 0.673839 -0.0899037 0.773873 0.565924 -0.198371 -0.389355 -0.419195 
-0.419195 -0.419195 -0.419195 -0.419195 -0.421185 -0.632431 0.810852 -0.451861 -0.620962 -0.409853 -0.417451 -0.418577 -0.418972 -0.419195 
-0.419195 -0.419195 -0.419195 -0.419195 -0.47371 -0.174207 0.769397 -0.808196 -0.447775 -0.419195 -0.419195 -0.419195 -0.419195 -0.419195 
-0.419195 -0.419195 -0.419195 -0.419195 -0.517954 0.631455 0.485737 -0.751018 -0.398259 -0.419195 -0.419195 -0.419195 -0.419195 -0.419195 
-0.419195 -0.419195 -0.419195 -0.419195 -0.143755 0.853644 0.309948 -0.437325 -0.415816 -0.419195 -0.419195 -0.419195 -0.419195 -0.419195 
-0.332305 -0.332305 -0.332305 -0.333003 -0.331999 0.160679 -0.031027 -0.45597 -0.349545 -0.289392 -0.302657 -0.355721 -0.332305 -0.332305 
-0.332305 -0.332305 -0.333066 -0.332402 0.318 0.523943 -0.407257 -0.461415 -0.302481 0.316269 -0.299623 -0.409145 -0.332305 -0.332305 
-0.332305 -0.332305 -0.339519 0.286032 0.513878 -0.29889 -0.451704 -0.380591 0.133791 0.520728 -0.468819 -0.40965 -0.332305 -0.332305 
-0.332305 -0.344095 0.106152 0.565928 -0.280057 -0.446609 -0.358329 -0.28553 0.527797 0.0189645 -0.46742 -0.37157 -0.332305 -0.332305 
-0.334124 -0.12884 0.579221 -0.131109 -0.466287 -0.358672 -0.331251 0.019071 0.569832 -0.435131 -0.418887 -0.333335 -0.332305 -0.332305 
-0.335539 0.398496 0.342124 -0.474073 -0.402148 -0.334117 -0.336168 0.314047 0.320729 -0.475649 -0.373332 -0.332305 -0.332305 -0.332305 
-0.0679518 0.587997 -0.235993 -0.441021 -0.352513 -0.354697 -0.270525 0.542631 -0.0729484 -0.459069 -0.361122 -0.341773 -0.33349 -0.332305 
0.30654 0.559497 -0.139194 -0.191427 -0.146124 -0.18909 0.160942 0.529216 -0.328905 -0.350139 -0.320208 -0.437631 -0.372903 -0.332305 
-0.0854739 0.183261 -0.0625787 -0.0384986 0.00982041 -0.18032 0.259984 0.406658 -0.386529 -0.000262827 -0.334122 -0.462754 -0.369157 -0.332305 
-0.339656 -0.303931 -0.264562 -0.246666 -0.202613 -0.176242 0.560443 0.0500716 -0.460881 -0.155864 -0.188499 -0.309587 -0.342826 -0.332305 
-0.332305 -0.332305 -0.332305 -0.332305 -0.333443 -0.0269695 0.570529 -0.412749 -0.430345 -0.331979 -0.332097 -0.331996 -0.332293 -0.332305 
-0.332305 -0.332305 -0.332305 -0.332305 -0.335815 0.342311 0.282618 -0.475872 -0.374399 -0.332305 -0.332305 -0.332305 -0.332305 -0.332305 
-0.332305 -0.332305 -0.332305 -0.332305 -0.251462 0.525713 -0.0872822 -0.463073 -0.339987 -0.332305 -0.332305 -0.332305 -0.332305 -0.332305 
-0.332305 -0.332305 -0.332305 -0.332305 -0.258343 0.0514528 -0.290601 -0.408258 -0.332129 -0.332305 -0.332305 -0.332305 -0.332305 -0.332305 
0.452253 0.452253 0.452253 0.452623 0.47561 0.491333 0.218215 0.216712 0.451325 0.448757 0.445286 0.451778 0.452253 0.452253 
0.452253 0.452253 0.452656 0.475272 0.518337 0.373285 -0.447212 -0.00328846 0.483642 0.435227 0.0996711 0.361127 0.452253 0.452253 
0.452253 0.452253 0.473269 0.518374 0.422469 -0.367911 -0.276743 0.420799 0.5187 0.190998 -0.410131 0.272264 0.452253 0.452253 
0.452253 0.464375 0.513438 0.457067 -0.327238 -0.271499 0.399086 0.489656 0.525708 -0.245989 -0.198625 0.422943 0.452253 0.452253 
0.453216 0.505833 0.521634 -0.257744 -0.329974 0.394817 0.455954 0.514055 0.288887 -0.469169 0.242893 0.453941 0.452253 0.452253 
0.472553 0.526996 0.0940373 -0.454331 0.291935 0.454279 0.460061 0.527871 -0.0789834 -0.312732 0.417843 0.452253 0.452253 0.452253 
0.511414 0.478734 -0.463136 -0.0893152 0.429725 0.443615 0.484596 0.517154 -0.429783 -0.04688 0.446575 0.45181 0.452245 0.452253 
0.527241 0.2644 -0.369735 0.055973 0.0801616 0.20008 0.440752 0.180516 -0.431927 -0.069814 0.02384 0.243758 0.434488 0.452253 
0.512923 0.356923 0.279029 0.369825 0.291544 0.233916 0.484091 -0.217031 -0.267485 0.257311 -0.218254 -0.0661587 0.417298 0.452253 
0.462093 0.426496 0.440558 0.459804 0.42109 0.457227 0.520795 -0.366163 -0.150665 0.419827 0.272613 0.411262 0.447976 0.452253 
0.452253 0.452253 0.452253 0.452253 0.452855 0.511904 0.322813 -0.461823 0.239363 0.453146 0.452043 0.452284 0.452278 0.452253 
0.452253 0.452253 0.452253 0.452253 0.464592 0.527714 -0.0795938 -0.324831 0.420674 0.452253 0.452253 0.452253 0.452253 0.452253 
0.452253 0.452253 0.452253 0.452253 0.483983 0.521781 -0.427978 -0.0429589 0.451056 0.452253 0.452253 0.452253 0.452253 0.452253 
0.452253 0.452253 0.452253 0.452253 0.482234 0.436002 -0.0373192 0.374047 0.452634 0.452253 0.452253 0.452253 0.452253 0.452253 
0.183832 0.183832 0.183832 0.181182 -0.0875458 -0.534294 0.569673 0.707983 0.206083 0.0198003 0.346067 0.289069 0.183832 0.183832 
0.183832 0.183832 0.18094 -0.0862968 -0.594593 0.108698 0.735075 0.673343 -0.105936 -0.50289 0.709325 0.526582 0.183832 0.183832 
0.183832 0.183832 -0.0144621 -0.600091 -0.00757509 0.693333 0.355489 -0.0353 -0.514179 -0.415757 0.736537 0.502157 0.183832 0.183832 
0.183832 0.0741979 -0.53322 -0.337875 0.699065 0.191626 -0.115532 -0.12593 -0.659328 0.223082 0.649035 0.214591 0.183832 0.183832 
0.176817 -0.358728 -0.617609 0.590122 0.599362 -0.0401458 0.148663 -0.380006 -0.671475 0.696294 0.379708 0.161117 0.183832 0.183832 
0.0186515 -0.625602 -0.138416 0.69895 0.125009 0.148819 0.138967 -0.570561 -0.332172 0.725442 0.249228 0.183832 0.183832 0.183832 
-0.391396 -0.684175 0.564175 0.64115 0.445511 0.388515 0.0319511 -0.640653 0.249166 0.676437 0.355987 0.234809 0.188362 0.183832 
-0.418282 -0.69518 0.52289 0.677361 0.696525 0.695098 0.611238 -0.162696 0.689871 0.693701 0.717108 0.709637 0.365915 0.183832 
-0.186047 -0.690877 -0.626664 -0.475922 -0.228134 0.00606061 -0.299335 -0.224001 0.642551 -0.0183607 0.431257 0.702768 0.351931 0.183832 
0.155083 -0.147379 -0.240937 -0.279889 -0.433774 -0.568372 -0.702575 0.0359297 0.457911 -0.572142 -0.644753 -0.272403 0.158452 0.183832 
0.183832 0.183832 0.183832 0.183832 0.179488 -0.378717 -0.668142 0.679278 0.464074 0.176899 0.181309 0.182179 0.183632 0.183832 
0.183832 0.183832 0.183832 0.183832 0.110535 -0.595175 -0.226406 0.725096 0.237604 0.183832 0.183832 0.183832 0.183832 0.183832 
0.183832 0.183832 0.183832 0.183832 0.0481487 -0.629855 0.0476186 0.651142 0.168825 0.183832 0.183832 0.183832 0.183832 0.183832 
0.183832 0.183832 0.183832 0.183832 0.182562 -0.570424 -0.402724 0.235801 0.180826 0.183832 0.183832 0.183832 0.183832 0.183832 

conv weights number in total is = 2586
bias weights number in total is = 2602
starting convolution ....
finished convolution ....
-0.76572 -0.672579 0.475409 -0.864101 -0.620732 
-0.75936 0.772041 -0.321937 -0.628132 0.607701 
-0.719411 -0.781718 -0.869718 -0.785442 -0.778712 
0.227743 -0.13271 -0.23607 -0.293405 -0.132742 
0.712988 0.363353 -0.148537 0.638419 0.262884 
0.549282 0.34048 -0.0877571 0.707063 0.745065 
0.720284 -0.558627 -0.45211 0.560802 -0.251696 
0.833449 0.809319 0.767615 0.831822 0.691663 
-0.871427 -0.452354 -0.371576 -0.36214 0.240089 
-0.602934 -0.785294 -0.188927 -0.624553 -0.658211 
0.145184 0.587371 0.299049 0.457015 -0.0995283 
0.15733 -0.399868 -0.457352 0.321621 -0.463746 
0.114427 -0.279835 -0.348985 -0.458078 -0.514295 
0.586807 0.63965 0.658271 0.613569 0.598975 
-0.631141 -0.652302 -0.318975 -0.655864 -0.423702 
0.355258 -0.402849 -0.0214714 0.265897 -0.247692 
-0.200761 -0.160092 0.529138 -0.23186 0.154778 
-0.524092 0.404823 0.5056 -0.407008 0.487834 
-0.51501 0.070182 0.0338405 -0.143285 0.425062 
-0.180736 0.194402 -0.401236 0.118209 0.162063 
0.82204 -0.192562 -0.803799 0.744708 -0.441544 
0.343565 -0.857916 0.454621 -0.275932 -0.662641 
-0.177048 0.81025 0.845854 0.828377 0.832515 
-0.928086 -0.920776 -0.906297 -0.929941 -0.905077 
0.366765 0.552564 -0.244769 -0.743599 -0.21477 
-0.281183 0.632277 -0.374587 0.103788 0.42354 
0.490337 -0.492528 -0.126463 0.20033 -0.500551 
-0.0256454 -0.00229546 0.376431 -0.313634 0.0174324 
-0.244036 0.0645522 0.314534 0.413184 0.0935753 
-0.261087 -0.189198 -0.0509746 -0.5003 -0.358628 
0.730523 -0.808043 0.388508 0.0702461 -0.197229 
-0.50453 -0.209679 0.88807 -0.832664 0.613035 
-0.831635 -0.488566 0.546214 -0.788082 -0.338294 
0.601197 0.487953 0.0566976 0.105226 -0.684137 
0.472436 0.882242 -0.769398 0.821873 -0.00672659 
0.319564 0.674401 0.249416 0.695445 0.520849 
0.455617 0.623183 -0.0354924 0.666602 0.687293 
0.520379 -0.318088 0.208436 0.58125 0.105789 
0.62902 -0.0682906 0.544514 0.692355 0.440561 
0.574513 0.297705 0.530741 0.487243 0.683852 
-0.360463 -0.549052 0.156467 -0.461948 -0.349482 
-0.391197 -0.622186 -0.438575 -0.709782 -0.433254 
0.641903 0.766584 0.479022 0.154658 0.305003 
-0.598432 0.440689 -0.119342 -0.338075 0.128132 
-0.16792 0.0849781 -0.467423 -0.263087 -0.219324 
-0.19019 -0.218647 0.686861 -0.433614 0.388927 
-0.449196 0.676787 0.296587 -0.294075 0.533786 
-0.0727262 0.0315739 -0.356742 0.0327254 -0.204534 
0.413292 0.437856 -0.514822 0.362084 0.147352 
-0.409024 0.236908 -0.453184 0.454884 -0.131412 
0.329244 -0.347567 0.200999 0.134191 -0.313228 
-0.264594 -0.0770507 0.487507 -0.352853 -0.0460544 
-0.381705 0.0489126 0.279307 -0.0508907 0.304729 
-0.318684 -0.274014 -0.391144 -0.430036 -0.352967 
0.104146 0.478568 -0.1805 0.378571 0.0809378 
-0.42183 0.220539 -0.0535358 -0.427882 0.0464475 
-0.153206 0.147733 -0.164896 -0.102251 -0.316305 
0.538438 0.550457 0.470615 0.544851 0.0773516 
-0.528247 -0.499088 -0.526739 -0.319029 -0.533693 
-0.220747 -0.166212 -0.154076 -0.229604 -0.308938 
0.559757 -0.813995 0.616298 -0.468817 -0.748568 
-0.794996 -0.129687 0.796971 -0.814149 -0.353007 
-0.785806 0.755794 0.0558655 -0.778746 -0.339033 
-0.754076 0.825985 -0.730795 -0.813458 -0.631407 
0.138703 0.610974 -0.81479 -0.66388 -0.433511 
-0.540918 0.105092 -0.0628105 -0.409164 0.127991 
-0.55962 -0.169527 -0.437207 -0.534116 -0.20571 
0.0508577 0.0512736 -0.0712966 -0.0253602 -0.0763795 
-0.0100642 0.0373632 -0.271034 0.083996 0.133012 
0.280337 -0.106501 -0.185779 0.0923936 -0.0251905 
-0.182646 0.025658 0.112885 0.0637698 0.0206594 
-0.223402 0.189075 0.0469885 0.144309 0.194726 
-0.157232 -0.191228 -0.254767 -0.131679 -0.0950971 
0.212221 -0.0469636 -0.217462 -0.110571 0.0386463 
0.213269 0.0900789 0.112598 0.105646 0.222061 
-0.116659 0.500659 -0.247949 0.498542 0.0492823 
0.479669 -0.16271 -0.312451 0.392576 -0.0353909 
0.0901366 -0.47198 -0.00288211 -0.190248 -0.233881 
0.468688 0.322933 0.507133 0.502918 0.50321 
-0.454724 -0.355217 0.156018 -0.316185 -0.128094 

conv weights number in total is = 50682
bias weights number in total is = 50802
starting convolution ....
finished convolution ....
